1000 9897
109 552
181 96
517 902
189 565
595 558
299 413
66 416
599 14
927 535
513 871
707 441
400 127
748 731
195 749
933 551
503 885
344 288
161 318
863 331
973 439
778 679
174 548
752 508
878 268
98 194
87 670
880 400
588 929
536 636
294 860
406 378
140 434
678 182
221 313
916 783
487 218
549 939
236 474
454 417
700 457
866 33
888 601
540 290
524 671
361 575
224 501
326 239
472 561
301 419
984 347
598 714
286 408
213 261
699 353
700 158
999 434
430 923
872 120
698 939
369 116
55 122
315 489
119 807
528 166
440 518
887 238
14 867
618 21
690 646
418 69
720 589
206 924
623 245
211 518
30 206
620 730
826 41
662 403
422 660
423 421
746 256
986 205
882 320
989 700
646 903
884 406
150 854
890 855
625 657
91 202
354 536
850 629
890 710
372 721
446 120
677 740
15 461
588 257
995 257
405 765
359 926
750 21
679 43
646 304
212 652
657 521
252 377
735 336
242 423
722 861
757 415
709 821
670 453
210 818
695 946
446 692
605 661
572 450
481 327
444 77
52 698
37 42
536 711
10 89
558 900
248 421
688 898
750 968
890 503
360 427
970 20
607 217
26 140
993 926
654 266
838 39
71 396
532 994
37 268
813 19
374 711
33 873
81 549
467 449
157 712
741 651
823 183
880 983
603 579
849 536
187 81
500 904
174 329
729 662
996 680
120 155
547 190
859 752
716 863
182 71
668 922
685 84
102 942
396 545
91 411
988 907
681 821
59 889
479 528
932 578
517 572
310 810
977 47
483 418
394 337
512 468
161 186
608 269
347 211
440 495
403 229
993 938
381 199
65 518
835 38
674 120
159 736
53 109
347 320
275 31
575 168
116 643
432 706
47 188
218 223
91 839
603 729
125 572
695 752
238 341
38 221
419 941
259 640
351 46
897 642
877 472
180 134
56 396
132 33
294 881
806 840
709 809
860 983
27 138
815 221
47 71
967 502
682 354
482 156
725 192
876 44
731 979
177 723
959 314
875 236
641 852
768 986
307 328
236 290
364 367
476 337
343 42
23 156
705 159
605 268
733 375
933 277
580 734
504 9
657 822
288 794
719 181
666 35
46 449
84 892
158 671
577 484
569 788
667 497
969 210
509 249
970 893
148 401
131 709
261 670
735 981
525 301
488 940
573 194
325 263
219 780
115 207
392 722
656 307
654 802
380 761
182 35
632 82
7 76
689 445
671 229
432 162
256 80
985 293
918 582
831 483
564 686
219 489
272 714
928 561
931 422
146 658
399 196
294 282
738 932
975 945
688 337
212 773
341 853
640 20
53 65
698 278
306 340
354 448
134 258
66 460
197 449
52 143
825 137
332 399
62 96
47 916
571 604
179 260
294 87
556 638
226 889
963 644
950 898
5 273
515 508
264 149
963 533
47 292
613 95
843 123
682 439
666 976
114 565
443 617
795 252
355 293
800 150
838 306
235 779
758 485
117 483
944 865
320 11
795 721
549 950
457 486
790 416
205 832
882 23
62 527
440 126
842 19
535 468
187 330
942 462
567 935
736 481
329 13
148 599
442 372
460 973
12 969
706 917
178 282
288 806
220 161
689 878
391 226
763 861
272 362
456 23
258 309
667 915
32 690
301 241
874 53
196 473
56 716
439 871
520 687
860 23
81 152
444 782
51 960
128 119
437 243
954 975
663 933
108 774
289 932
690 852
855 114
660 12
289 293
613 44
523 316
447 236
394 504
622 218
661 774
929 959
579 229
427 368
88 520
584 653
878 51
668 996
139 182
308 388
286 299
406 537
464 650
450 853
752 509
972 242
70 386
406 648
812 907
155 392
163 60
875 505
178 875
14 509
698 2
844 308
575 676
100 516
397 92
515 713
575 565
45 618
840 846
850 158
514 531
363 75
82 52
31 952
359 31
714 250
532 975
149 685
645 616
64 411
743 373
838 75
625 823
862 349
810 696
261 820
23 821
267 367
175 622
201 231
737 21
738 454
480 58
334 389
164 876
175 735
325 334
989 247
183 160
974 853
279 653
525 373
908 323
694 340
508 511
367 436
370 504
208 483
776 981
372 286
615 242
926 363
755 983
423 471
704 535
603 283
286 85
713 463
533 60
567 17
112 962
21 264
299 218
453 593
893 238
806 751
426 235
691 797
719 109
881 703
185 384
540 526
579 48
962 344
817 635
530 908
39 506
901 491
904 321
25 664
355 929
66 52
216 473
507 234
130 793
111 484
351 53
632 693
65 244
449 85
731 699
844 122
421 135
403 644
955 947
740 443
138 763
485 768
90 912
164 639
181 519
350 134
373 815
725 442
655 291
126 681
529 263
364 102
183 546
978 998
245 229
584 869
108 99
4 294
500 469
677 25
274 540
538 497
142 617
374 341
156 536
141 204
9 564
993 461
847 286
206 402
729 507
789 401
790 74
912 68
14 900
988 247
844 384
228 684
272 434
970 681
384 284
228 563
928 985
675 116
497 534
834 806
36 592
206 853
943 231
433 350
445 671
275 402
980 736
911 422
146 540
717 467
591 462
613 130
336 434
769 306
985 555
916 63
419 737
976 226
467 921
998 599
485 352
128 349
916 430
388 706
270 231
816 601
269 405
455 110
242 377
151 913
557 750
905 149
869 684
561 747
577 346
592 207
850 664
739 176
338 779
876 213
714 638
363 356
517 401
887 393
405 294
692 137
17 119
364 74
183 518
368 141
847 559
478 198
61 102
355 409
307 474
201 867
644 955
777 908
903 670
779 916
597 901
191 884
784 814
359 470
783 528
636 177
866 998
459 516
50 219
27 755
705 766
455 976
993 489
706 910
598 640
512 855
675 677
757 481
903 461
961 740
323 735
606 798
591 110
704 258
941 43
836 775
876 512
179 720
129 59
21 253
794 860
542 945
698 211
715 787
440 575
628 16
224 854
997 869
860 19
898 63
284 615
980 772
584 37
252 147
570 120
204 108
919 927
557 270
831 371
377 838
802 87
479 58
593 58
21 689
149 492
987 751
488 504
894 544
293 721
565 37
750 99
570 973
790 906
38 879
55 775
259 622
136 227
221 896
293 307
367 646
869 704
356 405
85 177
836 575
574 111
710 797
854 239
692 254
605 683
114 562
635 508
946 321
854 104
880 453
218 756
681 244
130 658
500 414
523 957
528 609
986 753
326 118
438 604
594 734
739 283
425 839
709 703
602 513
966 38
549 6
285 873
662 879
420 78
886 457
156 576
857 757
163 292
473 764
629 846
957 658
328 372
758 934
738 402
791 412
704 366
832 851
944 317
817 1
488 905
125 492
568 60
436 507
69 625
8 61
258 677
650 739
980 570
992 408
614 3
372 426
232 285
713 466
103 438
457 748
890 974
859 985
452 401
181 253
629 767
371 739
694 949
916 503
77 909
131 320
431 746
664 503
829 515
939 79
66 465
782 395
103 974
17 755
590 484
4 783
556 716
19 801
941 774
639 781
403 363
612 203
389 836
484 582
566 524
886 230
903 947
562 627
231 412
748 778
490 690
770 612
74 297
368 70
477 828
723 700
815 148
56 410
842 693
677 147
736 817
678 180
717 658
740 629
544 200
726 672
166 491
832 243
303 710
932 182
202 471
793 712
555 395
192 193
690 64
432 336
231 32
38 381
364 455
240 765
226 416
300 863
796 628
522 208
141 393
771 814
572 366
595 434
816 389
317 712
139 168
822 367
54 773
111 732
367 326
41 670
449 861
598 938
537 414
357 205
345 653
634 889
220 347
278 575
707 859
615 322
506 888
215 80
915 902
608 244
771 477
178 13
746 270
360 477
267 955
87 26
879 46
423 52
122 699
817 489
927 612
474 252
826 265
204 421
503 123
285 164
427 173
587 620
4 860
656 855
713 778
329 733
920 748
481 522
687 558
714 712
51 185
344 429
716 189
765 322
813 789
388 352
840 909
58 854
994 426
924 449
765 825
934 814
757 889
960 405
338 473
725 155
545 525
507 85
287 400
435 421
734 75
165 884
540 256
836 767
5 227
122 307
468 283
512 842
273 467
918 397
261 902
245 404
680 18
554 759
315 41
499 308
651 403
500 27
174 220
315 483
567 799
514 137
71 684
974 775
478 694
121 475
752 766
469 913
323 768
197 999
703 557
797 568
450 389
897 66
846 31
704 628
618 390
581 786
267 854
20 6
78 308
953 344
618 297
694 849
513 899
162 211
254 8
122 735
964 332
416 362
60 793
139 738
207 986
632 500
155 567
927 745
949 417
407 561
238 152
241 84
298 21
119 111
342 202
569 118
915 94
455 105
19 168
593 264
208 810
652 859
821 776
513 591
332 331
874 982
268 547
160 444
640 630
424 481
152 784
282 963
784 513
947 975
74 353
493 617
289 415
49 107
880 41
454 92
274 750
848 535
978 602
559 75
451 742
544 382
416 611
951 290
878 774
314 677
866 854
196 705
646 760
733 486
277 128
150 246
980 321
750 859
306 400
70 441
36 249
441 399
28 837
712 782
845 974
738 638
442 35
68 57
943 666
384 104
148 241
367 495
152 244
334 156
745 219
810 595
529 714
197 620
930 701
189 844
794 734
320 901
319 217
285 473
346 217
648 707
193 377
835 119
600 784
251 876
324 407
327 723
472 56
646 77
258 770
195 357
604 991
933 703
697 980
241 231
539 792
406 785
522 966
6 319
257 458
198 727
713 881
731 373
604 765
588 218
330 678
807 952
247 175
985 450
52 943
240 135
722 803
108 390
400 471
421 47
832 458
616 433
579 583
356 756
217 266
145 37
94 64
38 629
249 237
822 836
952 178
443 841
814 296
616 623
46 150
536 752
73 212
970 42
691 41
250 420
749 574
219 735
257 830
996 957
832 950
80 939
796 529
468 450
197 12
953 870
92 502
202 658
233 312
215 504
715 976
917 372
633 191
427 648
447 709
758 577
816 248
768 891
607 868
258 597
975 704
233 527
535 391
102 884
855 302
529 694
543 413
233 884
275 379
833 677
802 120
829 875
825 969
955 602
575 157
959 50
871 742
674 190
304 656
95 824
137 88
881 499
458 388
510 981
178 519
105 765
15 136
26 755
147 881
494 536
633 588
460 472
373 841
818 710
486 600
322 409
765 931
87 667
829 454
299 398
13 185
674 725
531 324
787 942
520 211
406 887
247 582
734 108
862 33
420 28
793 606
222 128
758 118
165 800
371 503
499 682
88 275
72 952
383 356
442 278
25 486
867 555
637 577
876 427
490 122
291 103
827 169
371 277
98 615
487 667
153 507
102 54
966 462
492 918
606 614
98 841
360 288
489 476
60 146
807 478
883 140
258 569
479 569
171 376
797 708
985 860
537 191
232 137
693 260
716 619
989 697
632 362
371 766
581 607
160 981
379 219
507 398
616 917
547 568
63 109
528 55
381 658
398 450
522 893
147 62
704 981
299 267
7 602
638 610
752 573
454 949
290 586
945 228
963 689
260 111
804 843
270 43
329 685
592 229
310 477
313 516
556 576
796 503
672 205
526 792
602 386
341 478
70 756
773 97
888 811
766 780
688 822
394 929
4 911
792 884
227 697
767 307
862 29
26 819
466 306
726 572
932 171
623 940
992 918
975 215
761 95
391 262
984 314
823 259
538 145
956 160
280 641
148 287
158 678
895 445
314 992
791 342
560 968
746 943
853 905
469 912
708 598
704 343
79 337
561 498
984 967
190 796
436 546
498 295
903 30
659 714
860 217
950 849
58 207
497 997
834 572
945 893
105 232
270 600
626 954
427 15
390 145
764 812
877 523
851 261
864 221
25 600
579 385
561 958
992 386
341 958
125 983
843 532
595 747
172 616
375 147
929 35
366 338
919 712
21 637
617 496
506 337
769 587
683 141
967 205
164 526
761 590
959 953
853 166
88 992
86 319
933 222
630 312
373 769
883 972
23 443
317 218
729 968
190 597
179 712
443 812
258 973
444 178
597 884
487 141
287 260
549 241
951 317
109 698
3 213
188 847
615 880
746 737
452 852
642 420
318 885
490 732
864 491
292 844
25 79
758 971
390 305
85 967
175 657
452 10
555 71
515 364
537 420
813 111
410 514
665 8
46 529
434 229
729 913
489 404
716 973
755 913
298 690
301 573
493 341
650 446
626 768
967 621
59 612
99 691
25 564
177 977
522 967
63 421
66 459
817 641
767 167
18 358
971 340
489 865
181 859
122 739
74 805
9 970
636 207
29 279
857 142
678 391
471 934
131 315
204 803
276 688
557 865
155 417
592 322
159 726
934 149
8 157
635 510
563 333
322 549
607 124
544 174
72 899
532 839
541 527
514 445
537 580
961 932
943 892
122 360
654 449
879 882
680 92
917 657
573 271
921 342
371 395
353 916
10 607
488 749
378 577
785 263
99 308
124 119
741 974
684 347
462 225
796 641
325 405
475 278
827 253
612 893
794 494
387 588
64 719
798 430
775 680
233 200
380 681
785 545
290 129
629 795
976 608
979 791
301 895
504 373
894 390
676 861
58 20
115 93
354 959
444 777
177 642
784 502
419 605
224 739
997 1000
543 412
983 69
824 562
141 952
401 679
328 641
521 630
3 939
604 781
660 15
842 918
368 557
185 105
61 518
742 275
670 160
640 499
181 925
642 641
60 706
960 848
172 560
828 166
736 291
310 674
60 689
132 198
812 608
744 950
797 212
669 972
223 20
777 408
796 492
658 186
539 665
551 346
937 322
443 537
355 245
123 369
326 438
518 560
499 798
260 832
78 971
523 842
286 960
696 262
201 680
697 563
499 911
465 867
293 456
508 967
658 830
331 426
4 476
408 765
799 531
247 758
32 525
72 554
219 653
311 341
793 718
166 632
210 840
126 825
386 535
550 722
771 131
149 795
488 713
568 909
660 699
747 287
438 203
462 416
937 948
219 984
287 880
755 698
93 831
315 493
449 851
637 674
127 576
129 97
20 797
650 645
817 188
231 742
501 315
310 211
474 778
884 252
860 357
880 721
629 544
815 931
462 697
484 81
357 429
785 952
403 205
295 107
336 88
472 552
859 84
661 342
873 784
45 281
184 75
256 424
534 139
259 539
665 572
512 153
350 875
136 189
963 688
838 972
481 633
601 856
412 457
734 497
127 492
972 273
14 476
752 363
437 987
540 124
562 740
501 136
709 595
472 386
934 812
994 27
965 650
16 351
920 220
738 20
904 766
196 600
322 783
514 357
315 186
10 644
72 981
969 425
572 2
595 483
262 502
541 793
589 705
650 406
723 7
686 121
945 1
693 675
715 923
620 94
715 443
525 662
49 165
781 386
676 774
127 612
884 161
335 619
357 239
105 94
608 35
275 724
42 585
731 891
99 952
255 604
953 453
8 584
707 198
543 340
147 383
29 945
172 986
66 373
854 282
102 585
531 741
219 273
275 35
42 506
745 791
800 706
69 963
582 932
824 200
240 447
863 745
419 960
77 804
977 862
265 426
892 175
218 992
253 450
631 242
544 513
412 446
216 295
345 69
574 640
442 412
595 844
891 990
553 313
293 126
496 70
698 591
236 120
74 367
437 831
761 431
544 131
122 115
861 924
418 478
938 647
758 12
631 822
959 751
643 230
793 533
593 859
188 217
67 792
638 437
652 255
472 934
253 942
469 849
297 576
851 105
598 758
125 340
133 4
628 381
115 802
921 155
968 410
314 116
171 677
619 291
267 150
85 27
586 952
382 351
884 133
911 53
769 121
309 416
834 513
191 29
786 559
660 116
722 477
760 728
301 734
786 958
218 12
915 158
474 178
238 203
699 384
975 802
346 872
365 60
972 996
21 912
406 902
698 898
730 18
587 647
311 799
203 190
367 643
668 348
66 234
568 88
320 421
143 274
904 231
273 93
105 946
787 916
75 166
390 839
924 267
527 862
150 278
622 600
700 290
350 383
818 917
784 781
219 672
415 33
4 99
153 850
47 298
268 5
257 828
629 102
496 558
461 564
995 580
743 162
340 663
805 971
845 654
19 954
538 214
872 884
732 768
549 502
608 798
440 896
497 753
465 339
283 878
879 704
572 808
436 556
104 700
512 707
471 178
115 255
36 509
310 244
814 708
836 4
30 215
272 667
629 587
724 689
798 216
454 152
140 469
491 686
368 991
220 656
313 50
479 997
560 477
730 805
566 199
940 264
483 335
835 226
677 715
333 753
685 604
744 40
416 3
337 519
377 562
892 215
360 928
293 886
147 770
991 141
361 206
907 780
640 560
956 858
540 25
28 293
706 359
231 494
497 958
165 972
882 590
866 75
39 999
71 380
320 107
429 967
984 2
434 991
644 894
44 674
316 479
118 983
908 827
897 526
36 974
665 361
813 754
603 802
486 922
988 823
796 32
986 922
595 454
758 790
944 766
157 767
653 218
323 523
585 252
883 451
652 22
362 317
504 436
759 628
489 160
785 627
325 330
335 993
489 49
326 684
709 725
79 492
266 139
556 216
719 828
674 399
887 688
965 412
785 814
691 819
481 64
685 781
630 4
390 171
431 949
842 824
220 628
665 737
708 193
539 896
787 306
467 514
209 382
216 558
125 930
321 572
596 785
65 537
240 833
817 712
983 319
324 1000
787 16
221 852
94 450
818 640
904 212
796 322
523 570
467 588
178 553
553 691
361 520
368 391
134 744
122 890
907 808
683 833
188 502
593 604
244 568
961 208
815 761
231 274
732 998
269 49
236 420
888 523
307 371
416 147
364 256
683 764
57 144
245 3
106 987
718 312
953 962
650 866
45 876
136 984
858 961
912 909
418 702
779 731
102 246
174 227
840 475
750 834
913 657
698 985
71 681
609 2
239 443
442 155
888 455
28 892
895 268
646 536
922 272
318 953
29 570
745 600
949 633
751 461
163 172
516 872
391 964
414 127
695 154
937 914
555 623
202 797
707 824
944 38
879 478
868 845
741 473
273 883
548 575
381 474
589 149
220 600
259 856
665 765
205 140
78 426
688 170
177 939
878 141
186 587
61 589
412 153
825 225
75 369
536 253
242 226
959 197
640 299
414 586
734 607
806 376
94 446
920 715
260 84
534 237
911 919
143 313
37 675
423 537
800 16
319 600
592 338
350 102
260 138
762 878
929 621
71 849
978 966
830 831
190 606
784 659
378 998
148 858
338 440
264 427
139 553
253 587
397 241
808 168
75 923
649 600
135 957
727 935
799 490
639 235
167 557
726 642
169 150
956 215
481 177
415 98
326 955
885 216
513 364
839 763
628 382
242 529
629 163
888 483
122 158
718 363
591 27
128 241
898 493
684 478
741 283
944 115
722 90
34 231
203 740
572 619
868 474
168 865
480 691
462 481
103 627
622 481
926 640
60 986
21 332
774 122
243 340
950 145
11 123
197 264
506 558
81 837
988 650
312 219
609 603
630 815
846 792
99 693
725 585
945 633
969 613
128 317
721 146
777 128
6 306
156 331
341 193
492 307
772 653
646 354
120 322
807 949
60 542
869 716
247 168
138 556
216 897
963 536
485 836
877 194
606 384
164 435
207 511
121 658
723 633
843 207
22 928
353 351
784 767
19 622
684 856
888 579
282 196
690 201
269 277
340 434
468 239
474 418
73 217
348 837
978 716
170 913
944 580
887 572
926 948
709 332
917 671
719 231
297 530
606 879
609 217
775 742
50 989
197 154
714 308
230 902
898 175
666 179
813 448
999 277
201 296
191 776
522 466
278 676
561 56
157 429
504 375
487 598
383 897
224 886
794 654
656 675
250 982
572 527
704 703
42 657
690 849
821 393
234 597
699 997
9 185
391 579
659 339
808 887
950 726
424 608
940 408
834 951
337 757
378 491
19 97
705 288
459 166
815 461
380 444
577 679
38 30
170 430
373 677
596 579
856 304
22 989
900 642
260 834
388 287
959 576
728 234
99 753
643 259
188 444
979 411
136 735
691 15
804 278
416 575
456 636
330 157
499 574
652 418
376 307
511 175
168 223
595 344
64 400
233 511
13 489
839 911
790 163
495 923
23 816
923 462
871 12
84 834
657 286
272 316
910 666
439 160
743 86
177 113
125 283
295 749
310 439
901 466
758 561
7 493
375 727
694 297
473 571
439 838
8 880
798 283
367 32
836 919
181 769
197 545
185 169
862 813
703 747
878 158
548 516
806 736
627 5
137 415
206 326
768 23
327 660
833 567
544 590
707 10
929 4
604 898
200 584
41 191
223 340
80 238
997 381
963 723
582 969
381 648
365 3
38 171
167 269
669 971
433 867
587 334
778 581
142 228
273 907
401 94
57 524
579 627
429 520
531 244
984 273
541 467
283 463
446 521
106 550
730 412
790 498
277 549
855 923
117 422
688 554
141 118
53 794
718 848
420 51
594 674
296 993
995 673
373 253
213 612
785 163
291 806
468 406
969 431
718 626
522 108
520 959
775 665
337 437
323 742
393 421
534 64
701 721
546 530
179 763
1 239
866 515
300 93
11 18
932 352
875 723
626 727
515 386
371 16
427 866
516 871
292 664
24 470
9 390
962 612
101 232
216 894
570 97
424 794
684 168
647 308
850 704
360 76
472 518
234 685
553 867
471 712
897 401
661 360
69 557
186 584
150 999
322 24
531 852
143 26
91 861
994 518
578 329
727 472
878 492
950 521
554 494
40 488
920 716
960 521
722 680
227 26
542 327
88 884
700 587
882 802
539 261
581 845
800 17
564 42
266 776
435 118
426 416
795 790
190 716
13 877
485 944
624 836
37 103
649 893
444 111
482 150
691 470
433 506
531 317
661 101
828 197
478 346
631 816
417 846
325 205
524 454
628 554
754 733
370 998
463 83
266 701
448 776
583 322
679 879
796 521
198 921
927 305
430 251
312 561
931 818
149 849
922 83
797 837
249 829
343 671
32 311
395 583
439 232
421 941
818 307
50 905
414 446
714 875
789 146
202 604
993 831
504 793
84 923
379 600
250 832
417 379
96 166
78 122
885 618
916 250
220 287
998 484
135 294
911 385
897 211
385 487
102 686
219 462
807 193
396 800
320 679
168 954
265 234
375 195
157 119
234 641
787 365
436 69
807 198
740 139
944 945
935 397
15 3
511 528
384 583
576 146
479 54
482 374
570 144
255 543
695 722
866 464
260 73
722 652
597 352
484 687
72 588
160 109
895 591
507 774
203 1
296 381
95 119
959 990
708 734
232 82
491 266
18 918
990 992
294 811
191 689
843 206
240 921
390 837
508 958
953 86
455 653
961 776
691 163
74 99
803 522
496 721
421 638
153 848
814 159
601 338
839 952
382 189
623 993
24 547
2 65
101 539
662 344
550 516
510 65
537 363
814 121
743 45
362 88
399 765
680 381
93 984
721 535
611 647
478 882
311 36
414 410
257 77
441 280
25 217
745 298
358 375
766 313
3 654
983 301
599 688
394 49
627 187
332 997
333 60
426 366
390 205
1 287
474 114
403 178
29 948
266 326
485 338
640 71
642 749
370 534
574 752
926 682
172 924
116 470
397 513
332 90
911 40
843 686
270 118
961 319
924 165
583 672
877 899
803 864
777 95
829 736
777 413
856 642
143 368
61 967
374 54
50 344
378 61
584 992
365 465
330 718
460 555
430 375
911 748
805 425
917 879
404 819
41 180
579 692
678 905
507 753
676 297
325 133
163 374
291 781
199 620
292 82
187 364
723 782
939 957
211 98
249 604
996 861
743 192
874 369
159 203
41 624
816 442
49 45
358 49
487 663
552 388
475 375
549 876
517 600
483 832
46 370
193 974
966 707
132 835
684 272
78 3
8 843
637 272
91 436
437 160
2 671
408 90
392 639
724 608
393 778
214 434
968 178
609 672
944 139
379 366
676 594
111 159
4 571
387 795
872 445
835 51
734 839
807 137
938 328
668 625
775 431
899 312
298 531
360 224
56 153
656 336
994 611
711 96
599 152
322 164
990 527
592 74
846 627
725 354
601 812
602 31
252 660
753 89
759 71
389 931
703 229
394 843
236 128
256 888
812 869
999 549
620 286
602 305
51 45
395 740
737 542
493 640
825 817
575 710
942 703
910 133
799 722
302 350
805 81
395 921
822 768
549 72
164 170
577 407
670 904
772 174
451 294
348 782
476 251
277 262
173 181
728 916
309 917
633 25
634 322
90 740
325 411
571 351
202 726
222 557
872 846
656 447
196 392
568 795
115 248
831 534
997 762
263 106
230 155
965 348
470 618
453 392
737 277
21 84
278 137
538 849
833 839
852 230
181 143
437 53
348 400
702 611
812 487
944 183
381 469
637 22
968 829
836 380
810 203
824 348
613 110
531 855
238 157
771 24
686 901
55 627
928 377
804 772
587 668
701 396
769 335
352 953
363 461
532 474
695 894
682 75
406 731
670 552
75 46
316 204
107 75
155 118
690 814
514 691
460 912
633 761
173 614
389 697
553 472
202 54
369 559
524 719
122 481
877 399
311 361
918 307
922 958
64 426
50 213
254 333
369 89
245 406
654 408
433 52
913 738
733 481
92 495
448 983
840 505
969 219
419 246
202 714
276 341
991 974
794 406
813 474
153 439
148 181
817 104
157 455
999 320
529 572
894 110
672 822
188 655
599 687
214 395
362 662
509 837
239 44
820 221
548 462
72 287
932 621
686 596
319 85
858 313
384 826
132 456
656 37
480 915
389 39
742 927
636 374
600 900
881 377
481 523
802 307
186 988
595 554
691 633
998 855
583 703
235 597
198 603
125 729
277 920
235 475
612 221
730 128
991 59
259 370
117 714
28 173
856 342
892 428
472 95
19 402
423 652
834 277
639 474
344 25
252 930
334 477
293 224
294 699
959 703
230 517
620 501
571 731
369 862
215 545
564 341
273 269
204 739
351 604
559 475
184 473
186 968
491 841
330 345
672 548
310 318
314 821
978 492
969 927
956 726
291 479
794 490
123 500
524 55
284 780
31 1
841 909
73 283
152 166
44 140
854 901
306 659
932 675
699 168
44 35
564 794
548 403
940 930
860 157
113 512
497 929
594 465
825 867
788 81
293 925
262 904
85 539
298 948
264 892
708 895
160 829
839 70
237 193
6 284
156 169
930 384
623 253
458 385
792 417
856 532
696 957
548 934
897 683
934 459
57 901
208 759
319 525
657 950
397 371
992 764
596 589
208 646
411 59
88 988
360 720
485 156
199 841
718 971
795 78
653 868
681 880
515 863
889 392
874 604
946 65
126 481
81 44
45 773
970 986
663 429
280 682
463 443
382 41
719 106
831 876
780 222
24 734
832 693
444 715
84 546
305 267
90 547
219 845
76 722
719 904
99 819
427 888
711 1000
177 337
965 264
436 762
3 749
393 934
263 295
232 383
124 309
694 73
474 420
458 891
974 489
318 333
363 932
197 688
823 668
21 642
6 478
209 226
651 791
157 66
655 967
753 646
683 239
920 980
691 33
78 508
428 539
492 486
627 293
310 531
170 110
977 886
317 269
951 736
350 94
130 784
960 559
942 883
90 296
588 31
661 677
520 263
21 838
669 890
104 388
363 369
473 209
91 654
520 406
744 692
340 167
169 89
260 800
506 250
357 258
474 170
630 243
781 724
979 441
838 396
686 774
15 503
165 894
830 608
844 900
439 480
292 178
463 494
619 140
712 570
69 99
491 785
475 436
373 285
609 7
2 943
222 530
376 158
174 337
455 893
561 597
453 486
55 86
665 134
171 701
319 461
799 55
784 276
694 267
186 18
863 709
372 377
195 192
542 449
474 265
312 484
941 371
723 184
519 90
246 940
500 596
837 563
17 563
987 300
825 923
755 214
314 400
47 666
968 909
95 750
868 942
155 525
285 130
882 126
4 830
78 587
765 659
40 618
51 362
752 429
273 996
401 175
511 860
740 326
708 740
57 558
166 248
321 865
857 87
820 333
752 139
435 233
614 865
227 331
179 236
919 248
580 800
149 637
481 69
541 727
302 85
340 264
808 58
704 123
887 970
413 681
93 65
386 355
405 453
776 551
923 392
961 765
11 850
763 841
417 543
664 520
148 409
573 456
864 118
685 142
944 264
999 498
231 836
72 211
913 515
1 201
145 191
244 497
746 31
570 289
684 473
135 403
638 912
659 749
17 463
862 856
650 296
263 367
803 266
806 73
96 390
700 708
299 27
234 636
935 398
632 423
150 790
68 763
877 891
713 746
273 533
570 869
642 694
972 913
973 582
446 56
56 82
928 134
69 820
505 140
421 247
995 174
423 937
49 776
651 57
292 582
574 22
42 143
299 628
28 174
1000 647
611 495
554 129
725 123
981 225
583 109
35 683
821 520
445 501
187 612
739 435
5 571
80 643
767 342
328 413
827 933
365 670
387 260
196 668
198 639
655 539
53 961
830 651
465 693
620 811
982 838
70 268
201 243
989 122
535 178
611 568
617 571
814 127
62 992
49 7
432 393
585 85
548 47
14 839
701 535
119 858
139 18
179 803
591 248
828 670
152 167
280 924
45 228
515 861
750 603
160 737
906 15
190 413
399 179
501 857
47 749
479 783
898 641
114 58
223 492
777 848
143 974
368 689
938 229
556 820
226 563
423 879
234 882
437 703
920 663
467 692
8 416
146 35
765 440
402 185
580 679
427 241
974 525
772 386
758 319
687 881
212 343
127 981
52 824
970 263
678 92
271 478
184 496
446 252
297 183
902 660
67 21
87 569
344 246
168 164
348 518
421 350
633 688
1 708
84 111
670 914
842 63
695 300
305 991
76 926
728 809
177 229
710 905
838 210
879 514
951 401
666 99
79 202
797 779
562 144
250 676
508 384
219 991
718 311
81 978
153 509
742 393
279 645
525 365
139 62
569 965
257 431
206 122
48 116
746 87
340 772
270 727
401 868
254 838
493 502
720 582
372 405
211 529
876 869
589 284
137 307
923 956
144 10
33 482
769 470
555 293
595 612
523 195
104 969
690 880
255 866
578 753
91 342
321 344
858 97
735 421
554 485
204 51
665 519
740 77
333 657
463 742
872 93
963 806
464 750
821 140
993 185
241 50
759 464
946 591
393 341
425 175
843 989
243 688
919 384
502 42
201 621
843 938
355 276
231 441
783 358
539 258
334 898
501 147
450 595
456 524
937 67
832 167
631 809
465 834
407 931
246 201
425 640
913 875
435 475
933 376
990 363
478 415
343 519
129 309
644 636
816 457
345 935
453 340
150 348
559 752
125 316
295 454
172 403
46 652
361 94
489 17
128 233
930 659
771 529
24 426
208 455
674 316
34 223
767 595
208 626
684 389
78 140
979 579
600 652
51 768
911 430
694 42
163 910
954 911
975 567
48 382
68 881
290 279
915 896
242 60
445 633
142 651
270 380
313 223
890 739
69 974
820 778
379 106
640 432
996 459
91 862
990 606
648 923
305 441
454 907
866 459
521 252
817 889
235 760
345 72
199 93
383 254
229 710
639 595
697 652
496 466
165 174
131 338
874 686
905 383
826 22
278 374
338 549
16 289
472 355
58 996
330 65
114 954
446 955
162 747
13 76
198 72
991 645
61 320
788 805
296 879
978 375
64 475
781 136
823 322
330 434
496 918
270 962
344 746
815 23
665 240
849 627
791 368
728 656
758 9
556 382
24 279
982 556
745 307
708 321
709 168
451 184
489 739
734 37
524 427
534 333
116 820
443 460
764 616
493 283
962 583
543 422
548 456
163 938
536 400
590 71
99 552
525 1000
34 965
778 452
564 469
727 43
858 182
147 15
163 350
388 227
190 83
366 368
579 397
621 262
991 148
518 300
618 968
947 786
216 264
861 680
769 986
240 190
833 143
834 224
696 687
985 116
126 670
930 719
592 306
236 89
517 270
481 154
633 667
889 257
514 516
610 189
848 746
50 100
841 375
454 450
338 299
197 100
642 275
53 960
150 58
957 682
49 401
603 790
189 782
1 903
182 331
991 927
561 338
676 101
842 333
242 561
637 949
758 553
82 70
263 31
447 706
162 366
3 610
689 71
340 993
492 824
721 822
633 418
401 345
894 283
186 442
206 825
210 452
673 932
727 233
463 362
552 999
916 8
804 73
501 856
599 915
121 976
621 567
712 237
200 449
312 251
857 417
431 754
659 343
110 55
627 331
207 923
208 971
794 846
725 730
7 623
66 41
962 634
25 102
472 880
308 30
613 821
744 916
452 966
329 698
238 970
612 243
80 292
321 105
728 464
178 913
760 170
416 998
675 798
863 450
728 383
543 115
303 123
967 234
493 122
868 443
961 207
598 260
658 169
566 806
1 682
293 130
706 701
31 530
36 868
403 815
102 493
842 60
511 171
373 150
183 917
224 234
923 450
26 575
427 604
214 868
859 625
1 135
936 998
519 317
6 912
40 270
908 372
819 947
750 901
846 408
884 75
307 852
23 643
262 185
836 214
430 643
552 677
922 475
907 389
525 590
110 262
439 947
264 651
372 692
873 137
266 377
242 104
26 909
722 414
389 125
483 366
238 539
450 125
787 422
915 221
147 71
60 764
920 837
80 226
9 42
512 159
569 98
366 296
494 477
778 766
543 946
734 759
860 854
990 669
222 299
539 487
77 540
78 783
407 367
670 563
98 83
32 99
584 944
783 240
218 402
574 47
98 252
977 679
669 745
892 470
880 438
187 574
48 510
832 265
725 50
819 49
914 291
493 526
296 86
114 965
304 577
966 215
832 760
135 596
27 887
581 420
122 390
141 195
40 490
810 512
656 858
198 933
193 540
322 952
362 253
688 995
330 415
684 578
796 592
232 641
581 722
140 908
676 46
54 846
662 9
700 273
652 55
802 900
654 733
569 887
229 557
797 927
46 653
139 93
819 911
933 463
73 721
93 654
612 898
188 742
29 678
546 496
450 413
33 675
140 577
592 606
206 966
868 842
380 60
290 276
788 11
337 791
164 960
915 136
293 548
476 961
886 540
617 505
750 63
454 904
458 455
848 195
411 967
138 565
657 365
289 423
865 640
88 104
83 959
853 175
191 520
194 380
213 192
752 318
596 391
246 8
247 993
568 626
772 234
386 829
64 143
504 966
202 53
169 452
667 69
300 618
726 736
657 47
396 85
952 541
369 701
888 667
690 177
891 528
451 639
303 646
732 532
608 554
386 206
118 643
121 157
799 358
487 506
590 537
594 932
352 71
903 452
136 840
637 514
129 385
257 244
441 407
793 938
542 559
598 891
15 949
110 621
71 793
974 154
791 480
813 104
603 859
589 449
36 455
475 33
405 790
48 61
733 930
156 129
669 474
814 541
595 392
747 522
531 553
346 161
110 318
137 330
798 113
67 9
677 832
258 362
989 762
574 728
81 485
56 584
391 602
105 495
894 553
54 432
47 553
48 633
602 176
604 582
493 1
632 647
420 556
459 14
96 964
133 193
616 155
963 654
445 189
360 985
329 622
347 757
783 912
227 395
815 266
948 361
640 554
844 266
863 126
667 259
65 469
126 994
840 973
9 964
986 599
790 463
493 581
369 639
446 965
854 124
880 604
914 363
878 968
274 714
863 411
876 343
383 507
685 445
121 200
636 761
41 911
406 145
148 279
784 33
918 60
874 168
361 507
641 729
235 478
733 115
187 147
581 47
339 460
533 844
161 607
653 483
708 721
680 415
129 143
3 754
595 876
961 93
725 790
157 442
600 837
342 334
842 782
521 639
974 259
280 299
711 692
858 280
677 868
688 840
678 519
422 724
596 916
333 282
428 562
341 895
234 737
364 688
698 304
702 280
184 498
225 994
265 411
251 110
114 282
155 356
217 35
824 117
678 880
402 183
204 239
612 252
781 633
217 422
436 490
406 646
382 591
211 517
213 248
608 218
435 178
934 168
479 325
231 484
550 408
420 181
633 694
92 541
595 964
97 881
207 252
814 332
562 477
799 536
122 292
175 274
107 56
70 76
165 808
139 704
481 131
323 608
969 438
509 341
989 43
383 364
934 628
793 832
49 939
49 464
517 332
783 881
387 512
448 530
361 471
309 607
702 926
542 615
634 524
301 203
124 594
294 442
788 675
495 245
494 968
157 396
775 201
228 871
488 140
54 175
150 566
375 865
301 638
551 930
868 850
718 674
684 193
467 903
195 404
821 488
750 454
642 717
315 799
800 701
748 675
432 721
208 113
492 481
231 202
831 171
207 894
373 610
892 130
103 997
694 648
881 407
356 455
913 412
911 953
990 642
661 674
494 589
132 48
43 663
762 741
464 608
433 759
848 23
571 969
787 244
714 13
260 156
541 317
389 560
993 21
502 91
746 474
613 68
554 184
775 437
95 216
813 925
316 155
541 430
875 364
839 201
457 475
614 715
545 516
290 676
322 663
587 129
240 820
738 47
888 640
893 308
743 258
286 705
571 629
150 449
240 643
884 756
900 625
885 93
207 65
876 368
723 220
849 644
102 232
733 561
909 846
15 803
47 537
409 139
956 303
278 775
392 850
414 327
239 310
443 309
999 560
304 29
824 804
756 115
370 274
297 920
251 637
664 892
849 320
704 589
264 586
432 768
397 786
270 544
4 628
35 61
703 778
686 572
764 804
582 765
877 515
950 369
521 439
693 145
640 3
61 583
217 889
455 101
973 274
533 220
30 749
623 310
754 131
852 532
377 748
104 340
919 422
632 842
661 38
467 479
804 998
844 487
592 328
986 624
211 58
331 269
44 834
541 434
783 501
911 544
880 34
705 137
232 945
748 105
822 992
41 769
387 301
631 700
687 656
293 491
122 348
734 191
131 784
975 179
887 967
359 174
589 781
571 270
610 360
462 141
913 631
71 651
385 62
79 140
374 984
34 287
749 772
382 503
955 141
386 384
284 859
943 676
380 737
451 186
146 852
901 964
812 883
461 222
745 83
67 123
252 165
822 249
71 491
937 769
220 651
702 515
205 458
225 763
906 12
670 61
621 593
307 569
380 65
995 110
982 327
259 954
958 888
461 256
604 976
198 342
116 746
501 612
268 779
30 702
85 40
21 921
731 332
464 955
900 215
77 594
761 641
907 793
605 816
967 169
365 343
972 193
801 604
919 458
960 665
482 85
538 952
908 601
963 542
360 617
342 969
625 35
956 845
463 879
661 662
156 773
469 314
740 698
93 510
700 330
592 451
278 272
118 114
456 582
67 673
663 167
540 210
526 21
486 870
162 936
74 108
257 900
754 762
495 540
508 665
659 586
642 273
869 805
681 301
701 818
391 326
73 61
92 463
771 828
44 362
136 869
374 949
894 172
567 862
803 289
719 3
22 337
210 17
249 589
585 43
896 394
951 172
310 92
333 213
67 313
250 865
987 376
292 590
44 31
279 832
437 248
100 262
392 471
241 344
186 299
495 295
680 980
746 419
733 43
789 885
26 951
372 705
212 926
640 459
329 862
950 680
38 822
129 586
171 211
869 264
872 100
527 342
341 239
710 223
845 271
544 262
252 67
621 488
144 756
971 249
66 325
276 749
688 549
163 587
251 963
723 729
777 273
912 632
507 918
592 272
298 391
69 472
86 494
161 901
571 650
438 647
972 459
760 534
813 969
320 98
531 444
182 664
596 158
689 596
102 483
359 16
162 972
70 77
92 653
933 321
221 47
621 780
622 238
358 851
743 366
339 28
383 367
594 986
373 261
746 801
598 710
642 100
404 855
760 381
248 81
763 882
505 614
324 238
214 666
642 23
914 784
59 907
560 948
82 40
245 620
150 209
732 146
608 928
993 890
263 146
710 569
949 927
453 544
349 505
279 868
565 687
340 886
347 82
419 609
261 270
561 824
301 637
220 810
841 536
698 499
114 485
555 294
434 700
713 726
346 9
366 460
631 448
209 375
265 37
484 959
968 996
574 864
692 491
560 978
307 783
968 627
626 83
740 479
392 932
83 820
347 626
686 989
601 823
194 487
489 801
610 575
773 114
683 809
99 62
445 22
122 133
412 449
288 223
273 909
259 334
244 656
502 48
143 704
352 625
630 324
207 445
923 100
230 630
784 686
583 54
786 468
438 611
240 934
330 742
231 842
785 20
596 178
945 462
289 726
697 817
934 518
496 542
83 930
892 916
442 953
83 217
62 812
418 990
488 557
714 487
291 10
662 15
439 130
352 44
262 377
451 304
884 58
900 807
114 348
411 78
564 952
46 659
543 809
589 475
858 631
465 552
286 244
11 153
251 636
875 614
16 561
551 611
38 690
699 212
737 409
828 560
522 359
157 256
505 936
281 305
447 75
16 735
938 390
884 510
940 312
815 828
191 118
447 216
787 343
642 686
807 168
539 822
99 751
280 403
264 824
262 743
449 492
17 544
826 418
612 87
180 27
200 761
147 978
26 641
532 487
311 672
166 109
138 642
843 75
504 169
701 361
61 10
502 164
485 954
182 787
391 861
191 744
322 585
351 841
330 76
577 453
230 749
670 862
312 525
452 703
568 372
979 602
18 737
611 802
424 152
814 133
563 903
476 212
758 806
390 524
905 824
799 352
787 157
533 127
163 19
23 999
619 394
750 976
567 234
733 158
793 89
873 267
619 283
965 361
517 839
327 790
758 937
845 853
189 977
580 788
584 193
883 79
314 350
360 496
642 912
312 371
994 851
849 60
310 957
612 277
793 405
6 410
664 486
481 878
298 108
195 764
103 991
859 261
364 733
660 850
221 868
347 553
637 825
643 737
937 476
827 968
853 208
510 740
322 280
182 992
791 670
294 978
868 307
687 857
321 976
782 71
456 873
734 348
443 58
867 125
812 810
862 160
442 695
77 858
575 517
616 458
65 324
411 368
468 400
773 546
357 649
377 203
328 385
36 978
827 953
406 36
415 446
723 213
182 479
199 535
663 388
496 550
893 553
854 218
796 543
897 708
680 212
220 181
827 135
704 202
443 158
466 21
33 926
585 89
732 792
993 236
596 106
850 175
349 761
723 436
92 508
859 820
861 350
76 570
828 521
758 718
979 655
894 286
424 532
121 369
890 981
110 216
424 841
171 52
854 747
341 908
142 727
492 616
823 548
868 915
928 472
748 697
507 109
289 146
627 332
419 819
829 536
42 442
25 648
602 146
824 136
39 347
166 889
564 202
892 239
331 25
260 43
744 974
622 652
206 128
181 567
717 933
4 16
283 75
650 619
938 805
691 487
639 485
385 104
198 245
38 322
166 407
689 762
386 451
179 808
329 251
240 778
829 190
530 347
801 837
288 624
400 90
831 949
614 527
837 228
213 570
16 10
145 682
681 264
170 783
158 688
571 329
183 7
405 505
278 889
83 147
306 590
823 215
537 506
497 661
542 613
873 306
73 314
828 702
557 24
997 849
431 863
802 833
381 236
151 696
383 930
833 893
25 808
724 622
604 196
574 222
435 82
542 150
487 849
919 984
392 323
266 356
17 938
709 957
646 3
350 67
578 717
704 944
924 993
674 216
825 92
864 566
276 940
935 746
602 118
751 242
61 771
325 286
494 595
901 241
20 920
173 858
910 65
382 720
290 802
652 648
709 969
122 245
587 421
187 563
246 82
32 836
14 340
571 681
662 704
644 971
627 789
900 349
294 708
706 668
88 219
948 577
656 736
633 961
886 413
245 11
157 953
874 445
309 878
109 716
975 217
745 680
304 418
129 265
297 595
524 918
942 125
384 296
488 558
514 156
440 977
975 511
298 873
417 487
453 481
699 9
148 369
187 221
634 558
564 953
653 472
822 497
860 60
834 477
557 124
543 349
462 448
154 561
287 767
219 221
996 301
591 301
267 990
561 202
724 642
214 464
215 9
436 842
673 865
968 803
418 348
284 309
730 997
370 851
398 309
682 896
366 489
186 738
8 687
315 829
213 378
51 595
954 604
62 113
134 418
342 566
84 389
222 266
204 817
497 313
547 743
854 223
535 624
592 330
834 267
783 326
145 54
57 674
320 60
92 592
811 244
434 795
865 464
205 847
614 757
779 896
357 660
191 888
571 422
359 458
734 18
450 101
408 574
232 962
533 738
831 973
149 108
432 275
69 66
571 256
278 950
7 268
638 296
469 969
71 645
58 292
684 688
97 266
816 376
409 950
194 676
603 512
713 192
452 124
3 522
336 733
137 540
224 866
723 264
64 923
908 12
600 765
327 934
128 120
147 452
148 107
583 402
284 635
232 188
360 497
893 57
342 289
698 57
775 207
778 113
933 985
411 632
588 408
91 144
293 628
494 207
756 742
495 370
941 628
411 745
798 903
282 278
275 70
87 130
668 439
651 675
599 233
512 171
91 958
274 242
687 634
355 997
651 560
873 608
75 482
270 65
47 776
798 560
307 247
982 100
40 986
863 490
333 951
619 638
363 316
18 913
311 564
95 141
195 827
895 938
771 354
558 606
316 93
10 912
991 973
250 201
648 326
192 66
344 829
571 590
960 71
335 65
727 835
359 127
399 804
553 216
518 721
866 881
704 92
279 414
399 593
641 685
860 784
37 600
75 669
353 787
338 73
304 249
87 720
612 871
885 309
667 364
49 139
803 126
290 151
418 960
188 570
749 13
417 280
769 35
646 875
745 188
110 366
812 22
975 634
464 172
742 19
963 130
536 528
820 569
233 865
381 297
366 93
182 875
355 722
398 852
198 780
604 775
937 652
241 303
540 575
354 518
320 666
726 278
123 207
270 312
109 496
294 130
207 871
337 453
65 842
912 973
105 601
17 751
950 601
455 149
807 960
938 113
631 284
797 170
263 786
198 441
786 424
242 437
815 442
411 896
86 475
251 318
861 569
516 116
921 764
95 225
777 352
541 455
339 851
800 207
387 15
179 186
565 683
611 159
499 921
814 480
924 352
728 97
344 874
877 448
50 4
583 370
452 752
70 67
336 480
225 42
908 131
33 863
370 696
407 745
600 377
233 368
430 468
404 849
323 643
140 891
15 889
487 652
544 212
438 112
41 650
960 726
372 252
305 269
509 731
570 371
625 964
25 897
573 643
632 40
745 271
926 340
158 994
380 822
110 411
925 238
935 367
607 978
329 754
993 602
208 254
851 612
814 600
746 370
629 679
337 815
836 263
105 283
17 937
751 116
459 284
556 902
86 989
53 140
350 966
656 255
464 325
816 682
747 898
633 991
237 48
147 952
292 44
35 955
531 30
569 215
671 517
761 703
190 841
563 497
682 481
139 806
411 29
936 364
57 645
39 557
193 325
13 210
325 832
865 459
761 266
192 27
123 629
487 236
550 266
900 597
634 107
908 208
982 929
400 71
666 430
405 314
197 56
698 639
894 618
745 568
71 543
125 326
253 881
392 853
500 926
582 308
361 432
951 97
793 67
233 142
125 424
751 468
989 351
96 146
962 717
88 440
559 378
765 248
713 261
551 541
384 55
519 451
426 414
462 368
417 177
935 275
648 723
485 258
695 435
496 941
526 647
713 961
513 776
399 103
935 113
561 516
982 180
616 20
128 536
658 297
823 74
666 812
886 899
924 228
545 249
915 475
240 151
493 827
442 959
539 455
186 805
316 852
482 76
636 813
138 640
52 846
678 14
320 142
619 546
329 336
631 923
31 577
253 721
715 484
853 382
952 545
457 69
809 248
265 846
295 818
813 305
227 956
766 275
676 255
272 237
232 737
563 679
31 133
415 250
932 464
316 677
300 170
681 583
943 560
413 965
909 960
897 920
963 390
760 38
164 622
837 366
81 883
625 908
794 691
172 78
708 748
819 796
696 245
898 405
521 758
81 63
637 286
31 755
402 651
518 229
224 577
997 74
906 769
582 732
845 6
204 402
963 967
843 557
38 777
111 333
90 456
302 733
941 824
998 985
595 644
861 675
532 389
131 140
863 469
204 854
835 588
963 515
490 551
52 802
326 321
769 846
627 942
723 687
486 571
503 635
30 889
605 559
614 775
795 123
814 453
362 396
25 994
610 182
136 699
94 32
676 317
344 830
399 950
681 385
81 701
35 284
733 429
718 515
841 191
98 740
942 75
304 363
519 589
54 667
680 214
828 438
315 109
401 691
581 154
133 801
490 157
42 834
205 694
745 385
121 415
784 195
569 256
400 572
385 136
586 686
724 997
233 70
556 238
375 1000
121 761
529 674
824 590
203 699
594 456
81 27
641 153
171 54
190 278
835 95
428 415
410 958
177 921
181 113
823 550
826 262
204 438
109 381
579 66
428 558
888 645
949 124
347 390
298 78
982 252
488 336
986 243
844 245
310 697
424 760
282 762
692 385
265 848
821 803
643 32
754 198
350 773
271 415
981 941
319 522
698 650
320 327
583 958
269 178
397 509
861 568
588 976
505 350
937 216
467 265
286 975
285 648
880 30
549 235
972 454
77 853
334 987
306 8
717 207
652 347
909 68
930 290
624 98
952 729
314 766
405 293
540 416
230 314
323 612
32 631
614 412
889 243
988 225
270 228
900 959
23 952
137 889
176 977
893 700
275 999
387 917
685 97
135 853
375 607
582 491
984 870
905 425
592 631
992 433
940 49
11 207
285 484
395 364
825 791
183 453
521 526
780 395
794 538
952 69
357 466
582 661
507 301
972 753
990 541
593 236
718 939
617 230
820 909
344 157
63 401
216 568
656 821
108 638
761 860
597 462
501 601
172 527
712 492
363 584
566 399
864 679
69 758
364 950
922 244
921 957
114 653
497 275
960 597
421 244
217 172
880 348
187 964
762 848
595 3
473 843
112 5
610 796
511 651
688 802
981 163
692 810
287 502
844 733
979 446
616 516
775 858
277 413
245 9
763 580
545 649
486 813
13 435
514 376
326 826
753 622
700 83
115 565
775 515
324 348
796 574
447 978
653 99
857 568
116 393
871 43
15 815
474 591
148 396
184 957
95 114
576 463
617 757
524 103
581 82
486 158
822 324
303 186
348 219
663 684
650 733
232 420
489 27
861 275
499 206
620 670
16 564
383 832
480 673
725 857
198 939
366 141
403 133
349 574
411 54
120 503
637 46
488 123
548 545
107 787
842 834
966 685
499 209
355 749
911 330
74 847
627 887
424 914
849 269
868 85
748 643
342 84
754 44
719 2
32 230
4 805
721 317
962 33
263 708
213 489
488 392
346 778
966 951
920 725
833 308
727 356
378 155
952 823
288 143
75 73
347 748
939 416
134 706
782 110
514 659
456 880
111 404
428 543
776 3
652 686
190 757
193 183
506 182
293 244
757 959
778 832
891 713
40 173
408 657
799 591
966 52
877 391
938 541
45 821
283 704
31 870
89 529
533 736
723 206
300 901
448 944
218 640
506 971
303 507
336 945
428 166
898 574
248 29
339 326
896 563
895 325
405 63
543 249
67 688
66 531
234 163
107 691
510 268
257 120
323 214
175 778
487 548
132 771
850 1000
337 59
11 379
837 766
486 484
492 865
106 929
129 215
629 636
280 165
65 721
360 499
693 479
918 261
128 489
510 633
539 969
354 333
171 461
738 106
7 867
618 382
935 391
977 149
975 902
891 331
229 800
945 631
381 613
110 29
960 832
595 659
412 247
930 372
899 767
717 860
317 334
144 652
91 545
347 603
296 471
632 763
49 769
655 75
71 112
41 421
852 923
532 629
575 689
959 598
657 236
765 771
677 225
661 382
154 366
523 939
909 462
396 231
538 325
649 529
448 254
31 949
586 444
457 96
476 260
974 575
38 772
27 818
109 658
292 182
153 200
151 365
889 214
62 792
466 385
567 805
140 41
704 205
513 489
281 805
879 612
410 221
524 47
48 240
270 851
272 488
157 419
431 836
231 758
270 706
533 184
737 341
833 918
453 153
324 315
751 380
555 417
955 395
613 379
561 784
245 807
410 780
360 495
622 395
937 865
223 580
56 791
366 52
919 806
595 574
897 464
392 136
122 907
380 327
860 729
809 601
863 298
834 60
677 548
421 148
235 465
356 475
27 293
450 676
967 137
856 314
622 801
364 113
757 966
313 725
740 660
187 146
781 342
175 59
32 827
540 892
625 348
218 730
221 265
758 464
999 798
847 666
31 937
503 892
452 754
514 405
365 891
361 395
671 729
712 518
486 913
982 778
366 715
888 327
338 152
598 730
982 869
287 81
510 106
311 79
41 639
64 648
127 743
561 449
654 890
16 954
914 927
480 279
231 735
82 439
276 385
698 128
537 25
523 26
11 81
64 965
985 943
470 801
107 921
189 647
822 165
114 198
24 226
137 389
833 959
926 135
622 278
289 931
60 779
661 861
622 129
159 653
863 761
904 368
503 254
401 298
511 723
26 681
172 671
265 267
270 52
162 21
897 645
878 312
131 383
683 954
652 651
430 297
216 117
222 79
923 120
762 960
840 778
127 246
127 71
239 889
387 308
170 972
745 796
891 522
748 291
533 715
735 661
942 17
266 542
954 483
274 817
258 426
25 461
563 845
396 284
269 746
75 679
168 451
41 603
957 605
135 129
338 15
619 418
103 269
968 362
804 240
242 627
421 768
776 785
95 328
102 975
983 946
896 374
200 67
419 291
24 433
903 13
873 444
655 668
965 468
197 634
401 825
601 677
152 21
209 36
262 46
409 618
104 782
110 292
864 792
673 870
466 540
515 29
897 382
539 925
224 534
777 768
480 896
817 519
655 803
953 618
972 869
777 145
32 328
536 200
475 564
155 690
4 408
13 560
424 689
958 50
906 425
55 607
41 879
852 896
284 244
857 46
571 1000
218 624
222 408
593 548
890 174
800 154
51 16
872 469
402 410
520 9
430 436
343 877
363 115
273 143
4 265
559 89
46 132
653 932
911 604
973 947
691 254
857 746
396 34
632 528
550 365
37 464
519 972
810 720
233 445
892 948
269 701
314 848
384 425
348 922
872 772
267 420
754 2
704 962
996 749
393 542
822 289
845 960
514 204
49 253
582 417
836 436
436 523
720 630
784 16
508 165
281 794
682 702
615 440
147 310
973 126
719 622
737 16
263 500
109 376
111 222
739 513
255 628
674 172
843 559
751 942
593 68
540 581
25 688
669 993
142 793
750 114
75 278
955 810
380 403
860 869
476 850
152 604
469 227
752 449
770 736
277 784
39 657
723 704
155 444
599 441
950 781
40 876
648 107
244 724
687 970
501 163
283 16
269 29
817 22
506 918
288 979
265 910
641 791
109 623
330 108
842 451
503 667
553 76
994 343
49 349
106 774
433 254
435 536
884 809
387 669
651 372
999 40
366 671
809 500
758 945
1000 700
572 845
404 815
898 298
172 451
980 474
756 1
758 595
615 254
86 520
927 194
842 598
918 899
355 363
923 827
93 689
73 636
147 485
720 481
774 194
889 642
207 535
823 691
310 994
617 8
690 836
556 447
55 602
902 177
34 851
312 113
761 838
464 348
639 941
30 671
177 889
215 641
164 661
881 493
594 44
759 452
234 909
899 619
540 847
636 224
602 432
820 495
472 149
164 587
844 469
876 789
95 93
278 471
339 743
430 274
804 571
515 680
2 655
982 677
347 923
438 664
312 540
434 414
268 511
421 727
919 56
260 619
923 189
230 681
305 838
335 704
607 357
942 506
954 460
455 905
724 182
876 18
997 2
535 238
867 678
339 257
735 286
510 250
627 86
331 997
408 134
617 680
524 204
211 315
927 17
289 645
920 353
342 695
159 328
391 869
103 607
72 497
58 172
920 63
647 436
138 159
980 835
341 571
807 306
2 239
719 550
634 73
797 504
104 49
376 694
397 970
843 614
260 326
938 547
356 239
233 636
416 204
894 619
38 855
852 655
393 204
341 142
217 912
313 147
643 684
402 2
244 500
998 999
517 429
813 774
675 893
147 520
300 750
895 879
416 743
728 64
670 871
340 398
588 724
455 591
169 354
507 120
823 480
291 211
750 420
465 612
886 707
219 533
590 516
174 239
512 970
620 875
676 85
434 680
736 296
292 862
899 334
262 370
192 474
654 676
234 77
1 228
348 213
21 233
115 194
750 936
400 518
25 159
832 537
444 855
488 863
238 367
81 208
465 177
764 947
17 872
146 524
426 300
190 349
192 15
305 64
669 273
122 750
234 656
697 216
842 979
76 179
777 144
947 608
640 392
713 838
943 645
200 623
149 962
247 43
138 941
166 25
289 463
826 542
604 755
282 560
599 295
892 275
584 580
472 222
429 720
691 261
400 474
164 387
227 485
815 236
653 705
891 858
397 3
364 186
812 512
822 843
130 305
14 779
117 399
979 348
878 348
212 117
987 825
825 336
308 896
609 387
316 411
836 706
583 311
519 975
761 5
779 610
304 322
505 711
596 533
14 961
533 607
93 88
277 145
650 925
387 561
374 931
487 320
144 298
76 813
145 200
776 703
636 790
764 642
447 726
858 715
231 895
526 377
944 400
581 965
893 979
825 627
272 541
793 205
813 793
227 838
826 15
869 171
507 358
604 136
366 175
104 671
846 245
389 412
85 525
877 737
492 513
149 508
610 850
299 419
138 879
157 1
582 866
199 394
128 265
275 74
630 682
612 481
152 703
116 752
229 959
110 405
507 53
860 759
865 987
111 447
403 494
498 912
541 44
113 301
948 82
100 528
146 52
19 190
645 30
77 588
316 900
582 739
191 452
170 700
700 610
238 929
78 846
389 993
908 599
191 597
599 440
195 942
895 961
364 15
40 877
791 778
776 33
208 547
875 413
752 160
892 561
351 928
946 192
585 512
468 140
786 281
970 202
884 532
403 795
683 531
743 499
139 577
470 41
365 661
520 772
98 368
783 757
352 395
81 707
271 787
447 532
528 398
103 118
286 402
287 127
932 96
935 771
828 433
632 57
780 44
943 608
95 575
179 655
219 970
278 705
561 475
525 320
67 51
713 224
333 207
335 502
372 267
195 242
106 475
642 815
185 808
560 236
727 368
732 426
655 953
220 758
686 527
335 679
85 688
363 946
732 345
350 716
542 206
976 154
960 831
214 380
190 228
801 65
431 762
454 553
151 523
411 870
506 296
329 721
220 826
247 19
32 480
659 61
753 170
207 641
942 972
3 470
549 662
127 510
667 375
563 262
840 897
801 397
235 841
201 713
44 881
815 164
691 490
880 780
621 149
867 237
45 883
47 511
640 811
790 349
331 600
369 749
466 321
636 677
654 316
253 519
418 572
978 676
796 981
770 184
240 749
399 780
728 818
966 284
898 20
412 771
687 402
819 522
949 711
197 866
879 634
92 88
310 387
697 77
120 145
104 630
671 910
448 664
73 317
55 501
223 887
206 67
137 600
447 383
177 335
784 433
968 46
976 969
135 466
301 998
303 330
440 374
850 833
209 79
797 326
211 905
584 109
252 235
859 53
785 938
717 431
332 147
258 810
246 969
962 310
622 276
380 135
860 409
897 385
534 990
683 496
599 60
657 733
142 945
843 758
664 291
684 394
19 137
238 895
846 638
714 760
117 442
274 73
825 434
327 512
655 306
715 111
438 714
274 363
819 61
947 112
761 662
383 90
576 774
98 470
62 613
959 761
504 801
451 762
841 422
919 95
226 370
390 907
999 141
987 845
421 603
614 556
500 829
306 269
864 367
205 537
978 283
214 809
875 929
153 55
816 337
824 956
785 586
509 84
633 256
747 504
586 950
860 57
354 902
614 104
390 102
983 829
567 418
971 797
794 714
744 401
102 815
875 507
940 917
953 363
882 259
132 584
849 202
980 864
324 652
950 328
534 523
521 440
759 760
462 534
727 30
879 325
198 840
649 797
596 971
851 866
178 668
765 312
380 842
385 802
224 769
192 512
906 452
749 228
204 223
955 881
299 757
999 668
89 41
445 477
751 731
75 74
421 170
886 822
653 623
302 423
40 882
818 641
607 924
661 929
598 294
351 847
818 784
710 258
511 53
97 833
425 858
979 351
880 168
404 576
377 162
766 644
748 503
658 907
607 188
885 58
248 177
689 541
241 920
793 769
421 960
885 171
356 895
99 515
289 610
896 566
357 851
361 400
825 513
770 386
495 197
745 314
375 659
432 197
31 423
164 138
881 810
309 257
375 512
565 624
694 156
720 519
793 381
543 425
86 716
33 304
188 16
270 519
901 751
223 393
506 563
752 775
125 795
290 304
276 771
298 967
461 313
696 846
575 254
722 606
51 434
753 316
610 671
954 637
186 762
868 219
728 215
75 409
612 192
609 636
240 183
668 193
407 175
434 189
781 478
655 453
109 717
778 912
754 770
969 727
809 62
114 946
120 587
190 615
505 23
787 531
792 955
297 355
279 183
268 420
589 968
112 302
828 108
558 829
45 790
504 200
287 233
415 420
365 949
715 738
33 807
620 797
895 405
917 275
172 302
823 907
174 156
102 171
488 619
486 202
284 775
299 285
632 17
524 185
694 201
676 844
915 524
36 483
572 685
77 201
119 626
33 169
963 248
394 37
806 870
94 916
654 943
152 79
955 787
581 730
586 672
971 690
78 380
81 424
778 30
265 161
472 603
953 12
898 663
760 514
320 671
398 68
599 320
530 638
625 640
859 246
298 223
77 781
523 447
95 957
358 830
587 704
717 893
977 912
262 560
431 475
969 768
17 371
660 739
165 267
203 72
95 974
497 363
647 935
567 171
364 989
738 410
40 842
995 978
423 677
815 167
446 542
790 483
390 797
373 123
321 720
505 51
236 378
165 847
757 229
630 29
282 45
339 948
322 826
253 518
549 41
163 354
643 44
439 401
334 761
691 717
120 837
186 789
28 584
913 790
20 584
93 110
719 206
296 784
794 51
761 60
619 42
909 802
32 762
611 415
864 307
465 280
905 971
157 610
73 339
700 517
831 742
889 977
837 401
140 711
270 818
141 666
988 3
720 673
874 823
276 391
518 658
427 885
928 830
285 335
451 123
662 311
233 951
343 46
58 170
955 424
794 614
873 231
674 359
307 713
994 789
621 530
18 511
773 381
715 64
815 662
268 891
584 165
94 573
575 54
959 215
711 438
877 970
329 716
130 999
217 298
973 503
939 299
616 76
355 32
392 54
472 196
548 973
757 258
848 879
526 232
183 447
786 45
308 281
410 976
258 530
691 344
286 924
947 962
252 910
92 987
518 527
282 879
984 125
490 650
169 471
999 831
692 933
253 697
1 574
667 225
830 623
814 368
995 541
799 484
984 411
749 613
726 833
390 539
359 130
714 415
780 102
505 666
414 218
92 398
497 730
956 295
116 4
281 233
291 899
505 523
949 730
876 526
714 369
272 420
223 965
921 57
776 788
263 94
102 962
598 967
345 847
72 49
842 541
936 602
374 259
558 305
816 176
928 858
358 299
38 693
673 906
896 151
57 413
701 911
523 136
48 360
871 632
855 87
33 388
183 811
974 323
778 470
217 720
788 131
593 93
61 607
249 48
393 157
929 51
432 757
398 430
864 744
350 935
939 134
88 722
251 46
752 585
215 587
902 921
815 392
908 734
191 418
581 570
243 469
212 290
362 346
216 165
311 558
57 571
758 381
869 956
196 894
307 447
808 48
240 106
517 272
387 119
444 124
35 521
862 94
169 307
278 255
854 360
176 593
502 345
231 181
748 97
456 673
59 268
757 221
899 941
746 590
728 973
879 878
757 78
944 549
571 262
19 943
757 511
979 45
410 368
803 251
396 259
747 625
435 735
115 819
618 166
582 277
169 493
491 532
519 380
666 208
162 435
182 54
537 37
78 71
689 418
195 169
554 249
239 48
850 887
155 855
337 72
689 307
138 11
485 208
307 772
971 649
532 78
826 367
555 359
486 58
629 666
225 876
46 882
420 375
60 718
981 690
160 156
145 530
368 287
820 103
89 155
859 397
304 966
13 930
980 347
772 401
41 425
481 690
902 184
606 285
809 61
592 443
518 983
903 863
745 172
844 737
131 86
120 699
339 923
800 391
127 24
308 870
292 35
790 294
404 613
558 834
260 513
541 688
909 172
197 106
202 304
535 86
745 618
12 49
430 800
590 435
172 303
215 259
749 847
182 240
93 811
223 908
559 690
980 485
582 369
324 1
971 966
219 893
989 273
776 800
279 747
158 904
31 410
401 885
953 448
29 736
902 507
281 451
980 699
105 7
659 530
402 601
737 474
959 335
998 291
980 810
910 897
146 594
994 782
725 910
319 125
11 388
787 295
56 795
94 695
555 323
4 731
21 739
946 892
604 81
324 596
612 391
308 480
583 777
366 282
725 337
925 367
378 364
251 214
307 168
750 252
952 51
518 262
179 482
53 453
293 86
187 959
170 291
152 810
250 21
123 257
34 9
566 653
537 869
38 490
810 339
313 729
317 161
725 36
410 766
529 505
902 292
515 826
420 190
801 579
313 842
778 772
31 516
433 317
566 943
329 252
287 660
773 527
387 476
886 392
580 867
28 474
526 329
179 862
509 507
421 677
117 246
965 952
892 904
864 325
188 775
624 500
339 149
32 763
969 14
537 338
738 469
991 997
794 419
559 737
600 494
767 834
827 41
721 622
594 244
667 576
139 43
250 794
769 144
951 136
203 531
831 630
353 531
962 739
484 355
258 518
461 13
559 948
284 522
502 326
323 52
509 769
402 701
76 420
441 33
266 412
765 48
379 381
650 102
289 198
915 886
493 158
960 797
668 582
160 597
178 758
214 24
74 935
294 18
754 5
4 846
9 80
392 168
946 755
772 331
61 796
482 307
778 740
605 991
402 144
866 429
459 961
795 875
722 444
382 731
933 809
616 363
778 966
925 661
909 304
126 732
58 868
455 298
888 939
575 757
916 831
478 360
187 976
979 325
365 839
896 927
92 762
239 645
526 601
867 408
649 557
581 426
672 666
896 782
783 702
697 825
718 717
75 637
478 394
837 193
608 759
270 283
240 523
993 67
558 229
392 972
120 977
528 429
767 145
789 287
432 153
848 726
943 538
14 778
270 783
915 726
642 866
111 883
404 81
372 333
271 739
883 123
843 673
708 118
301 968
513 96
837 99
424 889
404 439
817 426
56 868
556 977
168 914
777 772
650 26
800 611
637 154
30 312
566 158
588 450
73 795
97 802
899 646
592 916
664 257
9 76
467 648
895 712
967 815
949 288
934 444
772 303
518 319
574 604
146 94
400 289
203 19
496 231
399 706
856 327
818 272
268 717
624 739
95 150
861 635
705 23
477 394
501 124
618 965
217 982
551 412
281 167
37 331
793 741
926 843
618 814
362 180
533 747
903 425
83 114
690 54
158 608
434 760
219 626
606 866
96 89
723 66
959 299
33 906
928 53
788 526
975 472
962 777
154 890
357 849
842 431
940 976
318 580
836 129
818 436
837 360
508 306
418 38
607 882
295 364
376 932
177 661
395 346
876 785
632 213
81 49
564 698
34 105
950 443
698 448
384 920
167 903
476 614
261 334
156 436
111 218
354 637
557 97
323 298
513 878
933 685
627 376
278 514
80 21
834 930
216 501
87 306
347 545
542 258
798 680
322 225
513 520
679 159
203 174
520 380
593 346
332 266
425 248
228 886
623 450
271 345
369 779
633 582
144 943
680 753
878 756
246 98
31 658
13 131
394 903
895 851
87 886
517 371
245 170
636 557
585 517
676 468
35 548
730 765
644 906
918 377
913 65
550 340
183 789
844 625
116 296
776 401
170 896
814 169
762 230
853 653
601 348
340 304
527 588
568 531
705 204
809 367
59 152
922 22
151 360
245 381
340 679
982 850
931 988
514 172
757 466
461 693
686 86
712 717
470 717
932 618
549 486
937 768
921 71
909 542
417 416
552 293
590 797
348 152
831 605
542 896
708 424
376 849
196 68
492 819
399 481
572 687
244 328
410 742
620 739
422 669
902 395
975 579
137 259
559 768
90 229
878 906
94 805
792 97
721 973
519 150
392 431
546 16
929 152
379 193
988 637
972 858
851 687
708 876
198 662
695 614
449 428
281 710
164 352
184 47
938 120
189 290
963 711
86 170
804 833
640 738
990 684
26 705
961 442
9 789
393 438
838 608
126 854
424 284
207 563
703 414
781 448
501 568
179 18
518 545
537 527
939 636
730 395
288 426
112 110
700 359
94 18
995 805
265 942
984 18
838 413
628 961
630 493
773 526
699 591
515 987
207 119
812 742
880 833
964 476
370 691
866 812
867 605
45 905
732 837
149 807
809 468
309 677
805 608
348 205
132 930
326 924
656 890
543 188
799 70
915 701
954 157
537 115
955 204
280 964
137 605
64 939
998 226
380 845
237 596
771 590
955 317
728 121
432 798
842 729
482 819
638 807
970 813
987 125
660 77
717 428
194 171
945 545
379 237
142 699
971 545
295 594
42 503
540 538
303 492
950 522
632 686
372 861
753 250
990 761
302 512
523 554
561 755
104 354
948 21
454 810
660 641
4 109
368 375
212 264
687 439
630 290
499 860
260 134
320 185
218 275
212 383
801 430
730 508
416 652
972 401
350 5
889 341
211 168
377 425
532 665
424 22
843 277
628 549
538 461
114 843
321 547
382 148
58 566
118 690
250 490
73 19
639 654
2 49
442 312
25 464
836 904
395 194
383 667
385 40
461 893
667 958
942 244
763 809
68 161
605 70
590 810
719 962
442 26
741 646
334 100
427 706
907 252
600 634
737 295
738 728
25 867
781 420
599 665
160 694
182 84
220 266
64 806
449 552
659 654
327 587
147 289
114 148
792 690
635 602
584 396
693 374
113 852
630 979
371 684
766 109
671 419
87 184
734 813
518 18
833 492
669 158
372 770
358 885
164 858
664 258
999 577
939 248
696 915
532 377
492 334
901 76
765 535
271 324
263 992
345 733
536 538
792 644
761 461
759 174
468 5
457 364
41 109
648 451
904 941
853 406
844 767
793 635
519 27
122 499
430 40
657 36
452 672
830 962
112 261
957 297
639 155
219 708
405 359
614 463
538 749
173 139
945 642
547 386
88 477
162 636
235 350
953 863
153 103
561 290
213 251
783 947
756 187
594 810
701 518
414 425
231 366
111 801
629 804
131 585
664 819
152 199
353 602
262 124
390 65
284 988
964 110
729 999
673 20
423 395
581 739
323 15
750 682
998 393
764 834
584 424
57 40
539 892
777 807
834 816
673 246
690 812
105 468
323 301
223 415
182 556
751 794
274 234
26 891
868 198
889 445
542 259
85 220
270 70
381 833
520 381
259 723
540 864
829 869
636 217
624 689
877 33
218 430
312 807
278 460
247 809
48 801
16 457
199 970
43 614
320 225
943 443
783 418
507 629
53 641
212 319
477 853
558 614
89 341
990 13
80 880
780 379
247 764
382 861
588 536
37 366
701 983
559 489
374 737
488 688
359 119
509 326
727 794
597 663
12 51
766 310
804 87
240 596
405 492
121 311
908 501
384 657
654 753
110 677
590 755
383 595
846 281
519 717
991 784
262 318
764 674
376 227
498 851
985 312
955 234
564 889
413 851
346 374
989 384
99 914
172 222
48 468
360 326
965 407
90 883
876 886
879 433
361 307
993 566
143 93
600 848
659 389
480 990
548 615
610 688
778 492
235 611
967 976
534 929
740 94
392 142
820 214
68 595
398 100
875 883
373 534
66 172
123 37
531 10
454 975
644 299
826 722
833 246
49 807
315 64
13 964
716 15
592 379
819 180
568 500
404 803
578 213
386 498
942 285
840 867
914 322
112 254
115 689
478 285
481 47
286 720
893 160
74 182
827 988
278 737
370 801
482 947
280 1000
927 361
505 274
508 695
537 679
79 40
818 490
153 435
595 70
867 685
462 211
10 496
248 91
379 819
340 555
948 938
472 104
244 399
945 100
504 308
620 546
915 700
382 309
720 676
168 523
977 267
888 154
281 300
745 247
196 185
234 372
16 975
771 689
665 470
684 263
371 949
600 701
553 292
362 720
737 484
975 550
985 546
362 611
953 188
167 78
760 690
732 210
367 903
909 658
906 349
48 685
951 909
249 285
939 159
670 285
414 607
369 240
100 864
281 906
66 176
180 515
548 968
645 82
209 664
619 673
623 643
515 634
787 769
32 810
728 295
601 223
451 960
734 285
386 813
117 261
391 864
896 994
895 874
127 252
936 483
537 771
22 888
944 990
9 611
265 969
161 808
435 441
681 433
567 459
576 137
266 468
305 869
838 9
931 697
804 393
552 162
3 234
867 491
245 387
533 582
538 236
227 793
619 11
379 878
667 103
519 644
188 916
63 536
762 497
11 949
709 22
267 15
987 412
36 320
148 378
846 337
957 968
672 856
267 156
608 338
110 460
475 209
45 287
418 115
937 897
111 994
298 717
194 786
779 150
146 521
129 893
786 558
86 791
731 46
586 743
459 419
873 146
263 543
671 418
252 122
225 950
726 342
527 355
809 522
113 949
20 487
601 1000
165 383
22 728
901 75
647 603
671 520
548 760
671 515
795 841
445 48
545 866
543 811
722 441
74 266
570 663
460 531
639 159
373 798
781 263
729 110
359 287
821 518
918 391
628 868
351 843
390 841
467 198
585 623
748 205
857 422
776 444
914 379
364 198
455 665
773 564
922 798
317 856
321 669
749 693
145 335
257 949
330 197
3 185
578 319
970 949
255 141
535 79
277 299
412 824
743 168
376 490
841 160
392 224
76 987
849 733
850 383
736 416
199 741
624 399
571 136
171 518
922 210
344 909
871 213
429 450
127 677
831 571
499 2
853 811
196 98
595 860
297 993
340 833
418 151
493 433
521 766
918 616
152 119
68 971
181 244
717 482
954 948
797 266
540 556
789 727
333 763
707 849
570 998
717 853
39 425
762 590
906 484
212 611
950 997
94 395
921 973
422 130
282 529
692 36
705 978
398 171
900 105
26 538
28 188
412 259
450 714
626 371
248 533
819 200
917 859
166 353
425 809
775 866
35 550
292 479
425 698
250 321
134 516
328 395
438 976
315 135
559 488
432 345
784 910
412 967
14 567
716 119
50 601
710 927
953 890
737 19
476 33
448 514
586 232
201 451
291 460
609 89
216 204
686 199
466 154
799 108
736 68
348 154
721 656
651 173
814 875
489 468
915 528
552 694
715 802
297 989
137 688
105 4
72 475
534 725
183 505
208 267
745 52
998 294
15 288
220 610
350 689
577 835
354 684
711 680
87 242
215 953
471 275
901 336
995 397
996 82
726 303
104 106
947 558
915 204
459 248
959 191
801 53
195 706
731 308
843 862
627 711
494 466
635 208
868 732
13 626
913 428
19 225
26 719
100 988
599 490
855 604
434 280
143 695
991 502
297 16
479 312
486 588
303 14
127 330
199 937
917 782
75 231
540 107
834 328
713 457
435 303
57 737
351 899
474 479
127 168
684 813
259 138
9 431
300 550
211 133
468 284
209 925
995 517
870 915
145 466
376 435
163 911
509 361
71 550
292 209
62 831
11 827
796 826
602 784
515 251
849 549
97 472
410 787
658 753
771 914
392 537
889 981
429 266
747 275
737 281
774 390
298 583
975 259
776 971
465 62
530 922
267 192
592 623
862 883
422 556
538 845
389 317
488 248
824 626
841 692
474 439
564 558
353 237
608 264
591 625
635 545
119 368
730 791
151 693
99 764
190 133
224 542
983 344
155 687
617 264
431 266
658 314
489 925
242 383
134 591
393 327
730 216
472 200
553 673
313 536
761 582
982 498
507 990
273 122
204 918
49 979
88 903
325 934
244 881
255 293
40 810
97 975
852 841
709 576
691 461
412 762
58 978
672 302
250 278
527 992
679 741
611 819
244 808
362 351
244 863
136 970
31 795
850 331
297 601
82 225
391 131
488 536
140 897
785 444
111 670
334 507
234 183
328 48
774 467
940 389
957 967
34 729
114 468
186 37
814 675
234 361
508 152
777 559
635 751
440 250
911 444
586 661
248 8
642 899
517 533
500 603
530 672
236 636
894 687
261 248
355 789
450 35
397 1000
570 848
254 729
539 771
540 632
411 692
650 936
711 463
559 470
591 875
264 946
707 358
251 34
436 144
365 214
60 516
77 674
977 988
928 248
801 366
820 62
507 781
711 180
749 1
198 265
666 983
857 928
148 901
899 839
661 940
339 786
446 986
430 447
677 70
473 984
19 612
374 360
642 366
143 975
404 589
701 945
44 596
904 653
834 162
714 44
418 609
952 665
205 935
921 334
271 554
575 857
300 893
819 683
676 224
382 491
440 776
118 527
102 128
49 20
489 221
128 933
241 876
383 697
186 231
719 51
615 66
174 380
395 113
548 137
219 789
718 377
167 717
115 164
775 914
780 868
999 368
68 22
529 947
695 91
182 10
475 60
619 626
318 730
361 181
239 60
646 788
115 450
111 893
337 76
107 870
626 970
589 214
661 185
448 408
613 208
206 862
432 951
557 393
81 464
100 116
992 410
690 9
10 246
53 90
132 335
557 538
492 799
815 586
63 294
17 650
277 936
204 248
568 107
406 257
950 917
667 353
961 76
9 847
19 387
605 693
252 579
880 412
553 266
170 730
977 730
482 216
529 273
804 669
796 809
736 682
776 261
724 443
466 343
411 506
931 739
254 270
753 605
37 364
993 430
187 339
779 567
727 853
16 25
244 151
919 221
68 453
325 434
884 935
303 845
390 374
581 129
676 107
325 323
291 463
594 780
650 522
690 315
729 219
440 514
239 370
779 499
48 71
746 98
638 44
846 199
276 95
522 339
719 639
964 76
751 132
309 401
422 656
24 31
724 716
520 493
513 941
167 932
719 587
9 350
835 70
711 683
683 394
425 430
354 540
134 326
39 899
313 289
995 285
33 162
217 957
481 783
493 984
1000 308
468 746
288 80
588 235
886 960
818 608
446 289
726 605
1 496
668 34
818 755
913 205
342 993
550 58
308 689
122 532
919 339
585 597
584 864
515 830
455 723
146 736
761 372
967 998
970 232
5 913
139 501
691 142
506 720
645 577
261 924
170 867
568 562
76 909
455 902
502 758
850 356
64 273
780 127
528 480
549 310
23 947
245 719
193 812
340 565
42 815
171 577
44 209
651 379
193 989
177 496
309 723
720 678
827 410
703 551
867 909
51 900
795 463
189 814
975 691
190 473
685 381
90 853
72 504
389 333
997 56
104 937
889 162
655 934
290 258
347 223
369 315
594 308
613 232
77 749
119 371
377 784
817 531
11 420
582 797
175 653
223 305
938 200
139 188
584 704
113 24
419 937
186 932
939 302
8 412
255 710
716 84
212 267
288 235
326 375
364 62
807 764
810 160
486 617
213 175
985 190
804 582
896 502
421 402
60 310
922 649
955 936
653 807
880 51
734 402
867 271
766 515
16 323
240 801
14 794
904 658
10 801
600 1
560 931
608 540
884 761
562 955
78 673
528 460
267 432
649 179
879 567
127 818
419 205
353 849
675 412
489 113
969 191
538 908
491 315
668 956
466 867
284 242
234 199
107 607
79 477
281 332
492 551
418 113
954 47
355 566
530 782
261 77
57 416
185 219
907 300
376 618
272 869
940 300
48 764
589 19
789 689
540 633
833 481
778 418
925 49
696 807
471 587
809 520
717 175
962 54
86 102
146 459
960 539
669 957
284 93
35 833
401 159
373 875
815 260
856 331
986 978
880 369
751 598
455 373
761 466
320 152
283 12
984 175
14 396
363 218
143 552
274 329
142 292
386 783
667 418
946 215
224 467
739 276
173 486
525 145
339 898
710 151
398 521
184 661
931 993
409 240
466 259
853 757
710 38
107 511
753 513
420 464
168 137
709 470
645 414
165 612
459 647
292 889
974 885
391 119
267 45
270 892
126 402
509 114
382 480
591 427
56 695
258 603
522 444
261 424
45 257
176 240
214 408
18 441
346 256
937 995
477 988
422 629
741 409
523 90
444 993
825 854
919 932
918 729
189 711
167 16
423 234
411 738
820 846
628 570
116 767
744 32
636 502
964 557
769 521
256 612
333 586
248 970
677 549
899 631
4 913
702 72
117 552
602 420
78 849
705 636
781 472
378 55
30 980
189 594
182 879
256 817
442 712
868 438
961 252
654 9
624 914
606 262
143 524
771 367
482 705
544 179
36 55
144 833
897 499
285 208
540 295
154 486
610 396
31 956
288 726
865 378
157 886
740 181
379 970
259 941
487 447
1 490
282 501
33 825
370 642
993 143
921 218
299 561
248 66
67 518
50 968
676 916
235 460
732 564
239 268
225 342
188 606
432 8
824 890
626 698
348 148
43 430
816 238
581 930
712 943
431 363
780 920
12 626
192 343
842 673
437 203
737 477
811 818
962 170
759 920
542 166
587 779
404 363
341 912
323 381
569 373
146 734
913 649
665 650
298 933
280 424
13 654
323 266
640 472
768 141
497 3
9 63
318 51
512 130
329 730
113 115
913 620
796 330
617 419
998 864
565 131
658 359
342 772
34 589
950 967
735 343
683 824
497 365
942 983
971 69
844 461
238 580
354 65
504 558
123 177
35 742
472 12
633 183
972 361
856 434
400 168
627 773
6 926
416 578
947 154
679 707
224 411
496 656
406 109
247 733
620 89
288 652
571 615
438 946
439 495
727 544
525 42
875 45
435 849
704 179
583 389
469 805
272 303
456 476
898 239
829 331
491 338
558 61
670 544
470 749
166 990
337 344
409 891
671 119
909 574
427 875
45 312
965 487
552 660
409 661
102 826
860 370
879 470
534 759
908 635
152 433
200 413
630 971
96 606
423 221
760 693
561 900
344 80
724 531
422 415
775 409
108 624
419 987
848 71
667 699
761 874
285 830
167 318
418 122
5 304
522 746
317 510
501 321
912 706
568 36
623 518
346 606
790 679
369 983
577 170
174 712
250 50
753 937
477 873
598 307
281 434
361 976
734 403
383 67
629 359
739 507
64 33
687 123
389 708
766 512
69 304
404 683
813 689
886 489
301 349
90 802
218 985
383 417
142 283
6 690
888 765
638 425
948 875
97 393
775 650
190 436
84 881
395 872
112 586
684 704
6 988
941 47
301 517
3 798
417 499
325 282
680 295
774 465
704 445
888 74
617 652
819 924
346 442
54 123
71 955
931 402
650 338
185 873
779 139
963 182
656 734
215 29
859 26
897 196
994 832
560 58
981 582
324 651
492 533
916 471
252 486
314 417
116 629
427 130
143 198
649 325
426 54
299 460
138 962
934 294
661 502
440 230
60 663
762 553
7 676
198 621
990 729
243 648
445 220
781 546
971 188
554 108
60 501
582 770
485 860
198 271
166 233
207 503
942 638
84 354
32 781
620 148
921 641
687 942
959 693
942 344
232 959
174 883
417 851
658 883
808 156
810 566
117 56
357 745
654 511
714 42
917 663
934 607
370 868
371 389
559 326
70 273
336 939
517 887
871 65
230 75
984 667
141 506
509 128
315 459
581 60
805 201
896 444
200 25
272 390
42 996
973 73
166 998
832 718
384 626
275 662
495 51
25 835
334 247
82 372
135 386
945 818
894 495
785 841
788 472
183 406
423 391
926 42
655 616
698 461
739 699
181 98
57 44
189 567
669 205
546 120
964 415
364 579
706 796
938 111
172 570
526 537
881 504
811 405
687 526
462 791
569 824
689 185
930 509
626 396
293 299
575 453
744 991
378 197
285 919
625 76
518 687
978 884
57 890
303 119
658 34
554 211
347 883
388 279
361 799
342 586
389 651
598 379
583 237
330 149
921 526
304 568
170 388
991 745
188 138
603 813
175 508
500 821
16 27
274 991
738 344
653 431
111 611
572 983
8 28
461 688
82 511
656 90
380 576
490 128
54 769
326 538
755 692
976 711
370 618
685 225
637 680
396 684
474 700
182 101
366 902
917 510
594 157
722 102
266 128
250 883
767 906
381 219
328 985
591 376
168 674
150 630
44 13
538 51
585 311
641 101
113 566
612 728
850 853
264 560
372 561
82 437
589 248
57 479
422 737
760 666
636 309
376 675
930 204
414 837
695 460
401 22
312 139
443 434
941 588
86 973
198 651
180 386
350 982
649 413
8 275
426 14
160 190
158 473
604 569
75 301
555 103
938 101
460 225
730 195
948 62
623 380
876 804
920 535
481 615
647 924
264 219
946 555
303 154
786 192
382 673
950 887
577 205
117 700
118 239
834 212
247 777
451 1000
549 879
347 863
596 462
173 523
121 666
691 498
947 28
514 585
365 591
807 568
576 818
919 194
40 111
718 177
170 990
248 274
620 90
253 543
625 436
724 72
317 526
818 53
89 599
733 390
724 191
982 883
514 141
116 47
389 323
476 439
709 62
518 234
970 682
279 660
357 148
732 96
93 356
560 817
903 35
46 752
530 921
824 646
862 886
721 770
110 278
720 6
354 732
246 854
724 738
376 592
258 180
414 883
110 129
508 122
725 940
228 116
712 313
677 666
368 718
309 828
812 675
173 939
134 435
843 895
865 795
94 439
152 622
924 932
798 741
892 256
752 435
367 726
5 319
526 243
655 405
472 122
91 656
274 464
813 893
117 656
27 136
778 960
360 687
416 641
40 813
203 331
61 105
512 873
571 676
787 995
383 66
259 90
689 969
193 450
640 783
895 855
352 365
646 217
81 739
931 701
235 216
236 695
454 378
224 279
6 312
478 396
245 399
390 525
563 806
766 739
748 282
253 916
760 312
463 361
766 370
236 597
253 644
780 236
230 63
270 870
676 941
366 975
224 996
978 53
49 207
12 469
897 57
810 225
833 955
315 652
79 479
561 116
985 864
695 225
58 230
490 84
918 576
152 31
64 827
121 702
414 227
732 362
949 309
593 180
205 38
78 268
542 255
644 569
755 168
313 125
884 460
722 483
955 830
82 578
601 722
466 677
988 546
755 345
494 175
497 121
995 454
94 463
843 650
455 192
259 621
781 720
178 615
765 673
70 537
333 565
65 191
29 284
285 946
844 391
657 876
643 401
535 647
865 857
978 800
463 920
782 996
783 341
326 480
992 652
221 726
177 434
598 815
187 731
683 702
244 920
125 476
103 887
227 603
502 451
304 65
277 311
206 455
460 979
715 591
484 384
196 328
127 720
936 799
292 994
49 154
716 790
879 698
36 352
257 117
332 527
701 626
263 187
410 541
846 867
324 443
571 56
694 148
314 352
228 814
580 27
447 12
217 539
180 649
534 700
462 715
48 267
674 51
713 527
773 797
298 975
667 310
272 638
777 187
30 805
137 84
798 771
655 190
109 400
535 852
755 418
773 207
708 532
658 257
696 948
56 467
240 336
347 596
810 68
949 274
765 883
565 222
861 695
888 779
8 37
762 812
191 604
543 779
381 958
312 667
316 227
355 351
909 370
213 869
383 181
683 525
540 178
979 402
639 324
226 205
593 792
631 736
987 943
321 637
839 791
680 932
978 697
637 980
121 847
927 368
361 713
434 775
105 178
435 712
741 918
558 180
447 543
28 659
965 94
130 191
922 131
173 123
423 69
215 384
589 288
475 383
662 193
115 788
261 744
723 469
844 757
230 199
379 667
875 766
968 428
508 509
401 989
400 552
112 738
63 941
12 413
784 334
239 236
133 703
225 566
380 918
876 883
953 314
57 365
112 960
741 443
209 90
581 706
622 406
254 570
391 537
584 457
43 108
744 143
526 587
509 905
696 882
424 597
437 388
704 977
725 745
742 569
690 276
837 795
419 910
823 388
902 969
192 576
138 618
147 792
477 609
5 474
777 433
37 717
709 822
912 728
70 752
145 207
807 725
645 138
26 634
961 45
170 234
30 435
74 334
939 626
675 984
910 145
288 416
991 302
294 714
740 622
62 630
959 716
106 590
109 585
662 673
187 259
10 776
761 91
444 257
727 890
448 836
430 212
869 127
888 338
709 428
158 674
864 459
79 164
942 226
391 40
987 439
128 864
129 268
183 138
24 305
261 716
837 409
81 849
121 560
929 483
802 851
897 77
863 814
864 260
815 971
10 174
655 562
882 276
827 381
665 330
526 987
522 197
484 72
947 642
551 850
953 199
840 456
651 824
413 453
696 671
271 987
453 964
95 743
824 195
987 206
420 694
811 79
463 752
564 269
659 243
679 204
648 864
99 478
191 438
506 452
18 40
493 842
482 445
890 302
781 397
268 544
436 478
900 45
351 205
378 109
490 611
316 171
524 576
507 560
236 402
577 458
27 937
965 867
5 478
236 289
787 595
149 630
611 823
407 802
300 116
595 267
120 873
547 492
88 455
151 771
903 254
538 233
101 591
837 91
569 789
605 47
400 850
292 832
556 501
295 611
387 620
762 506
804 251
163 245
366 972
119 748
154 912
577 848
998 128
600 751
650 654
498 478
874 543
160 571
414 224
263 145
466 799
618 270
581 666
307 557
713 530
72 358
748 887
994 817
59 608
130 759
815 717
636 382
671 425
752 867
441 800
649 331
280 482
268 791
530 446
198 720
827 640
241 115
319 656
32 434
769 595
522 829
597 359
834 123
28 38
640 672
809 815
458 327
890 322
563 472
530 243
312 640
472 85
443 598
207 497
743 739
160 308
930 808
311 599
829 22
649 912
473 988
96 314
455 660
663 147
135 538
658 881
953 903
805 238
117 502
348 847
738 195
296 946
403 886
867 445
571 417
40 439
115 541
810 711
874 274
231 915
503 942
382 5
590 622
19 951
685 362
172 323
63 181
292 868
228 634
987 511
606 647
847 155
908 301
909 580
59 817
98 793
739 263
618 64
121 807
366 339
312 403
789 911
385 345
115 454
8 908
336 489
360 511
837 627
252 181
793 562
96 425
719 627
122 665