1000 9908
566 194
806 605
392 265
564 423
87 346
474 141
853 318
955 833
682 249
744 335
337 524
452 40
565 172
810 69
308 211
722 889
635 184
895 634
236 165
74 728
496 58
457 5
557 841
118 129
923 333
84 273
284 211
268 744
36 668
164 425
460 556
249 199
636 949
765 791
456 999
365 617
867 251
995 782
559 145
213 981
141 88
127 179
865 270
866 33
259 149
188 21
14 649
311 345
940 623
832 96
5 970
282 65
546 786
16 29
697 890
421 538
118 791
135 796
49 475
386 338
427 610
637 565
528 23
888 21
906 668
589 515
3 596
229 436
362 855
207 859
112 961
371 844
816 975
214 124
266 480
75 669
162 177
825 887
864 987
670 373
719 514
448 980
826 267
989 813
170 215
284 371
414 986
950 696
94 590
574 884
540 700
522 915
704 978
427 349
502 819
939 305
307 771
627 714
105 760
207 794
632 692
13 621
251 238
492 140
312 858
518 766
811 256
152 899
688 725
51 183
658 501
914 11
660 603
627 1000
297 27
654 121
507 934
424 402
558 533
5 763
486 720
507 535
496 810
808 312
498 537
944 808
463 192
246 240
122 450
286 843
184 737
719 435
117 77
101 840
836 765
653 993
473 645
681 488
577 271
80 993
944 534
374 711
175 402
13 275
453 220
989 58
63 669
802 543
749 922
474 636
366 582
790 36
796 42
357 769
249 648
624 460
350 653
145 965
665 190
115 243
286 150
180 957
202 897
205 478
613 417
210 372
656 358
155 870
253 549
101 238
854 548
621 999
17 889
516 897
721 913
198 971
76 307
484 984
102 539
589 107
772 541
169 608
242 150
902 136
391 379
265 85
605 748
677 664
604 616
164 813
493 39
132 259
762 528
924 871
195 677
941 848
86 201
143 306
626 466
420 29
43 281
165 167
558 710
590 979
47 71
486 621
639 569
674 687
269 201
416 643
865 596
960 320
435 214
726 891
720 373
714 851
515 798
481 369
420 218
268 276
745 895
227 720
729 990
69 317
786 473
791 42
156 611
303 764
985 923
224 297
338 225
466 426
529 136
748 276
210 448
542 662
175 551
571 354
461 155
685 150
77 422
59 935
171 673
384 924
908 266
968 485
396 630
515 504
150 589
240 797
431 768
620 659
750 550
561 251
432 817
640 246
604 191
716 386
573 884
7 882
384 834
68 876
897 330
94 740
186 722
59 611
321 408
600 957
985 689
12 795
531 765
260 583
761 922
9 235
194 57
769 545
755 456
497 456
415 848
142 952
825 250
402 93
187 785
170 449
544 350
139 914
161 642
514 382
520 471
578 117
501 290
85 35
754 402
647 887
653 758
568 434
628 866
886 46
524 613
219 381
151 303
66 594
44 496
365 678
585 587
459 545
154 49
704 117
66 709
840 560
128 668
295 800
131 771
870 860
887 982
982 846
254 497
951 437
572 974
19 950
280 758
210 907
942 168
598 798
573 468
745 407
563 546
103 293
76 695
957 998
379 622
736 326
803 448
827 454
480 747
689 473
983 219
896 221
337 704
720 497
388 553
523 94
746 301
234 473
876 920
493 316
20 60
258 889
8 540
775 316
357 285
652 124
552 909
863 519
47 586
397 519
972 957
555 239
760 607
7 628
891 311
29 220
440 183
380 304
706 224
195 637
677 545
520 356
60 549
504 679
271 417
408 941
578 89
799 867
636 839
585 723
145 114
352 602
978 462
339 836
340 235
70 948
352 713
23 486
190 621
563 213
106 616
362 510
515 854
793 600
442 566
997 733
800 400
624 116
610 59
477 511
267 286
486 998
153 717
684 613
791 195
478 586
709 438
838 218
197 226
839 567
365 940
918 194
753 563
996 806
546 757
103 248
939 403
491 602
419 137
646 568
120 128
413 955
965 382
544 136
271 617
825 660
536 289
885 600
922 466
964 73
529 668
548 392
198 262
111 32
448 395
133 718
726 978
952 845
488 17
986 304
489 760
806 751
972 707
294 467
635 539
427 322
146 730
253 46
995 435
816 814
892 25
929 1
927 522
853 991
996 47
191 271
894 970
274 201
661 555
482 292
670 443
765 615
716 45
666 886
12 678
420 846
192 753
468 870
368 18
114 746
79 588
939 487
961 297
765 841
113 290
957 23
117 298
464 916
139 696
506 243
235 979
550 398
697 586
117 475
9 584
357 123
754 700
24 887
511 113
836 766
956 594
523 958
335 621
277 508
266 623
103 62
710 98
13 274
306 284
658 969
609 157
51 936
130 238
452 842
338 141
943 920
666 127
368 687
740 166
282 324
266 833
880 551
960 506
920 510
119 778
824 794
436 544
36 442
898 269
573 653
812 203
353 554
427 879
802 849
546 179
635 729
279 887
604 212
356 66
37 929
243 372
741 477
993 697
263 419
531 627
34 937
751 20
772 911
781 967
211 771
512 68
237 255
151 691
133 964
225 931
156 363
488 299
90 483
237 144
419 991
65 807
545 125
781 783
892 172
967 834
768 284
181 889
865 792
845 290
683 139
652 858
912 695
576 708
494 611
348 801
425 56
354 142
541 154
155 451
981 706
757 572
522 633
317 107
571 385
801 422
113 462
936 2
540 69
300 738
784 671
602 698
364 217
19 590
494 812
635 318
174 942
247 524
161 801
904 608
46 228
411 441
503 855
767 442
568 612
92 354
704 100
301 490
740 191
783 822
990 494
741 940
148 627
172 345
120 986
232 756
672 625
968 264
641 742
658 700
953 692
684 700
651 269
135 244
429 471
305 201
896 468
864 88
760 25
667 551
337 184
732 913
626 766
110 471
384 151
47 988
978 195
742 40
135 410
858 541
750 551
163 981
20 938
662 489
149 266
285 474
363 998
384 949
646 957
868 869
67 30
472 622
215 910
732 276
774 17
722 478
461 266
342 503
293 721
385 654
868 91
688 289
618 558
575 106
983 378
606 788
470 427
365 63
129 641
298 8
501 527
88 732
521 16
977 982
838 529
969 966
786 244
678 942
368 459
222 506
612 90
433 513
166 605
398 833
479 382
856 511
912 433
910 220
914 227
257 748
818 856
120 570
234 989
62 524
304 528
306 194
415 292
271 368
127 110
19 731
973 934
120 792
265 895
729 386
182 448
628 688
996 956
598 988
235 342
862 753
455 837
793 782
980 356
876 469
614 289
447 730
585 61
788 646
629 812
354 974
854 899
569 529
917 87
332 921
684 454
704 524
98 791
484 300
211 620
486 406
324 309
935 343
485 887
194 969
488 54
930 53
396 889
913 593
533 392
113 671
419 552
501 848
321 458
569 348
751 76
556 942
5 176
759 721
940 269
834 776
601 563
252 405
968 990
255 982
151 804
665 546
565 57
310 684
647 865
152 570
616 127
544 268
835 287
213 415
843 824
259 731
729 2
631 929
169 234
151 846
448 447
66 866
965 630
307 116
626 362
535 676
39 533
80 586
283 495
509 405
568 335
364 146
865 403
331 475
558 622
351 916
745 933
340 880
822 803
550 498
718 880
629 347
723 922
357 696
49 767
826 837
89 718
509 493
550 333
439 390
704 61
338 279
911 444
903 388
995 639
727 704
675 381
412 845
269 724
511 385
404 845
62 917
507 375
819 570
987 428
897 836
275 984
883 367
439 213
996 694
375 731
323 804
759 582
140 293
516 649
125 606
55 721
546 468
432 156
675 40
162 493
73 670
954 113
632 139
25 803
483 571
210 289
626 921
642 978
149 322
262 995
559 779
232 136
584 125
877 552
453 860
424 826
116 570
815 790
48 298
506 602
159 526
200 501
533 285
954 706
501 677
381 539
365 118
683 17
99 342
405 763
918 687
817 715
721 675
471 526
6 437
424 743
702 158
575 404
725 197
890 422
469 25
324 563
772 488
187 856
39 731
61 895
902 607
669 864
32 107
22 522
868 448
321 899
30 821
344 92
466 493
739 117
27 81
711 11
330 34
10 932
134 934
947 145
343 808
342 709
71 505
356 993
692 635
508 856
758 803
663 74
409 179
267 317
451 552
899 304
465 644
230 388
534 223
477 373
724 810
136 819
836 812
139 212
220 915
620 907
54 993
202 572
370 394
116 90
543 167
747 264
879 767
595 172
357 225
693 583
93 551
646 839
280 124
65 762
63 851
449 603
822 4
570 101
171 498
9 275
755 424
548 572
27 638
773 465
869 120
199 231
857 277
73 869
864 616
239 713
406 885
405 686
397 590
55 802
905 11
617 497
473 9
296 967
497 435
195 564
417 561
825 333
494 608
481 569
52 890
809 833
386 690
630 315
670 694
625 153
37 123
903 776
979 478
249 253
364 218
958 478
995 840
465 949
908 881
286 677
782 814
921 458
683 743
634 123
407 831
926 853
502 507
606 657
93 214
832 938
927 309
355 138
624 268
472 137
310 345
221 178
600 293
68 283
750 859
846 302
119 888
183 223
988 456
125 455
59 953
484 442
381 46
419 465
480 705
813 129
905 291
907 68
485 80
802 882
159 275
676 655
475 70
652 685
224 841
243 162
561 249
689 268
489 294
570 121
518 233
59 756
868 870
890 794
962 511
1000 182
229 172
651 272
215 905
774 22
209 304
655 817
473 331
570 859
626 361
863 690
773 326
957 842
560 285
501 669
185 62
626 18
368 750
686 924
243 225
830 107
83 994
817 876
433 695
490 928
92 876
702 33
134 701
838 673
565 375
605 731
400 358
38 296
757 896
724 319
819 57
438 605
88 45
117 402
979 363
961 820
361 576
255 36
442 387
49 584
723 878
539 211
283 721
641 551
897 605
844 982
27 724
106 167
916 817
641 186
900 983
922 818
624 391
129 405
870 676
873 360
818 475
508 469
698 773
337 155
727 498
283 797
72 88
492 961
309 277
404 127
480 749
907 96
600 718
379 465
803 339
627 183
37 919
479 618
121 862
341 533
38 607
81 424
519 164
704 811
967 598
308 241
988 659
94 710
169 557
591 566
765 383
492 389
110 44
609 979
651 722
195 750
734 897
608 621
459 50
67 731
429 662
179 403
990 841
751 624
790 608
293 8
921 759
558 764
227 268
374 429
63 121
622 647
95 742
973 871
631 847
300 683
931 539
677 99
71 276
734 108
334 638
939 808
121 115
625 164
13 411
714 248
240 879
519 913
900 661
995 529
482 932
266 585
631 399
547 472
395 807
287 221
265 586
705 388
376 14
283 554
382 36
90 482
221 250
993 129
187 54
796 740
939 190
606 727
791 419
813 39
372 233
547 135
785 271
769 129
733 240
314 772
475 224
186 561
945 960
214 591
15 522
608 6
603 285
850 957
661 117
134 31
375 873
640 176
347 200
935 459
204 343
591 613
394 267
949 219
185 390
4 718
995 437
775 435
669 172
7 965
858 103
821 17
915 212
40 762
113 996
8 280
53 296
203 247
440 163
132 185
833 348
219 996
303 304
587 333
68 349
274 86
105 749
942 985
209 683
543 858
952 173
240 207
539 415
942 584
302 491
622 816
933 139
973 698
652 613
523 887
672 427
620 433
783 393
640 905
914 296
697 584
863 223
95 353
27 961
654 158
363 41
970 19
99 11
792 995
754 942
836 760
396 9
753 626
535 30
545 165
908 172
760 289
10 534
1 377
93 915
922 227
245 712
410 447
818 272
895 258
954 304
609 448
172 405
211 713
659 861
881 797
774 382
281 315
779 20
85 773
910 846
124 749
875 623
215 134
534 286
96 374
851 390
300 384
474 447
516 908
924 557
888 836
730 876
806 122
591 633
498 152
981 541
910 539
578 731
651 653
674 230
837 874
894 917
916 287
664 304
595 526
942 795
941 828
691 537
773 3
613 836
635 244
7 719
873 559
88 881
674 968
752 424
159 912
623 415
570 521
701 481
994 365
812 772
761 590
522 660
355 189
325 908
400 492
74 287
165 164
623 54
169 33
44 955
173 729
588 774
770 557
718 911
577 93
923 73
887 312
778 860
542 864
210 505
40 161
684 890
296 75
79 832
444 195
40 48
44 616
525 247
607 335
735 666
426 952
829 71
615 880
413 686
126 135
207 343
844 770
468 132
45 995
488 512
989 140
629 165
466 581
822 340
395 617
989 317
862 565
832 760
884 6
326 758
223 862
741 285
103 480
334 203
253 467
220 284
183 392
208 316
644 876
564 681
86 701
592 722
294 398
647 398
206 842
65 630
945 746
647 465
327 722
129 997
760 727
100 88
119 300
47 691
266 310
3 67
143 204
898 851
540 624
906 358
229 909
655 161
812 365
146 435
863 706
772 601
209 465
526 950
964 583
839 341
806 358
476 861
222 361
26 668
99 510
136 116
191 470
645 189
649 186
354 144
852 919
734 343
890 177
891 872
925 795
1 884
808 356
919 144
832 378
939 702
726 398
931 638
469 419
607 141
219 724
836 673
126 449
110 970
326 135
843 299
917 544
809 239
918 475
991 755
539 18
662 982
170 915
852 75
144 122
809 376
684 636
80 940
154 175
563 777
858 955
419 1
93 938
395 874
334 428
300 772
414 260
499 412
318 992
618 170
680 382
876 614
145 898
21 31
663 704
668 942
466 830
587 731
39 397
388 645
175 907
488 568
436 649
402 617
521 741
362 529
552 993
95 517
977 116
962 448
780 721
789 877
451 403
883 429
490 801
599 10
252 407
925 831
868 121
831 119
781 670
882 909
840 279
742 308
136 129
526 914
32 466
506 393
126 982
217 986
215 611
623 358
471 981
226 792
762 710
782 171
1 187
273 937
248 687
653 646
490 855
17 428
882 766
830 870
522 575
961 245
946 355
753 875
517 376
510 248
114 935
105 674
984 1
178 72
623 794
809 186
44 673
871 202
652 416
692 609
953 935
516 311
240 864
851 156
103 23
866 439
107 665
183 927
860 121
23 822
27 691
49 170
857 10
668 225
519 694
25 406
408 266
390 366
818 365
658 494
31 104
419 138
348 252
11 56
120 131
766 30
253 185
463 765
333 941
974 203
300 14
836 232
910 883
984 923
162 491
882 410
152 45
724 613
693 402
197 547
993 588
107 826
695 341
493 285
369 966
582 809
538 731
345 478
682 935
95 654
795 716
356 250
394 411
424 434
243 552
336 134
246 665
691 433
587 767
623 277
39 324
246 264
964 671
200 804
739 153
948 171
36 557
574 37
283 92
47 85
807 673
393 822
614 833
373 989
728 196
726 851
735 899
340 121
325 235
236 314
990 215
663 215
960 6
782 707
951 728
143 783
75 589
975 214
634 468
337 958
529 160
680 20
115 985
984 682
508 568
862 719
775 812
489 157
624 448
846 323
40 61
473 564
825 580
555 735
383 974
854 969
176 32
802 876
493 479
441 104
612 619
59 893
30 46
379 408
676 740
570 99
111 65
556 82
30 441
967 648
343 146
419 738
87 954
902 253
291 893
176 413
302 17
750 475
856 465
552 840
721 183
8 678
86 995
177 773
640 443
510 899
298 19
248 922
670 267
623 297
711 314
695 893
11 618
242 455
118 338
28 78
1000 679
860 410
549 700
221 603
100 584
908 525
361 840
165 52
834 421
416 758
334 516
207 318
361 618
848 664
781 76
838 7
783 642
951 316
2 149
900 622
560 663
690 6
951 429
738 282
116 399
338 108
874 330
124 588
250 608
234 45
340 593
642 199
456 78
954 213
913 731
709 173
803 40
436 519
879 285
797 538
106 261
324 476
16 549
310 155
183 395
132 231
462 326
873 61
285 471
767 729
915 960
254 996
437 12
372 631
788 144
555 135
901 415
122 608
234 786
146 432
172 732
237 2
165 357
186 832
307 236
75 120
791 646
260 222
208 679
855 543
269 152
566 726
915 346
166 224
925 589
585 644
209 621
770 526
776 131
22 365
744 535
31 563
325 786
53 803
681 10
809 93
738 109
165 303
260 899
196 513
70 110
328 409
543 197
900 691
631 651
724 31
282 118
822 612
936 231
45 949
433 83
417 694
71 737
183 43
872 884
619 481
395 27
749 862
984 529
768 718
327 877
823 104
935 626
385 178
133 564
850 70
542 912
279 730
361 19
672 523
620 4
542 803
45 377
194 597
695 195
205 115
449 513
926 45
416 438
859 986
56 925
328 642
57 452
220 656
636 296
33 435
507 484
489 657
933 704
170 252
557 384
377 976
379 174
209 419
691 547
85 368
413 313
75 262
954 527
424 526
939 209
381 248
235 572
647 945
100 802
692 46
394 681
786 215
166 189
518 678
192 792
619 611
930 726
237 264
19 429
536 577
4 191
446 620
394 907
434 76
640 943
95 271
351 913
745 938
321 710
164 880
611 229
773 542
399 896
623 906
847 262
855 149
614 535
979 246
783 762
808 14
755 627
447 517
123 813
969 29
809 484
44 343
797 783
905 985
323 664
535 70
35 108
278 720
210 250
263 4
283 842
469 577
989 356
115 139
150 414
200 352
232 493
968 33
881 960
275 699
646 862
741 340
843 910
281 462
632 253
560 106
266 493
413 74
452 496
551 932
845 71
177 637
890 848
640 33
968 878
588 431
835 70
521 482
168 931
907 734
535 769
437 358
212 538
848 714
237 57
535 886
829 661
651 577
381 400
59 212
344 257
507 863
324 895
843 985
401 206
242 416
522 766
85 118
912 734
51 186
434 270
365 294
169 203
799 835
670 601
198 334
202 133
682 395
60 299
667 501
260 805
675 990
678 215
628 934
511 98
303 886
490 299
986 692
348 669
562 455
589 926
625 429
93 207
794 146
978 663
904 590
444 287
687 333
692 757
895 46
358 76
231 982
89 969
880 972
789 270
331 772
978 441
690 325
201 272
992 101
499 87
84 571
827 405
281 313
559 970
655 651
106 302
567 431
570 497
163 829
332 988
684 393
335 539
688 392
253 446
882 270
502 784
850 816
309 109
314 405
772 538
350 554
8 679
775 401
725 550
697 61
455 213
664 306
204 91
5 6
725 663
265 425
967 830
604 532
762 652
815 506
781 566
271 372
554 112
682 77
740 347
541 150
47 221
319 600
882 692
645 232
169 39
117 665
799 807
106 650
415 558
936 351
203 320
580 918
2 368
810 459
723 998
779 904
757 338
850 745
340 414
378 841
351 95
52 522
880 187
398 570
93 162
644 822
184 326
773 598
863 398
853 728
417 824
568 616
509 402
952 647
847 510
795 339
580 731
980 221
197 21
606 883
111 563
348 903
185 936
941 70
762 405
90 762
608 883
771 875
852 691
998 88
746 897
413 974
29 418
785 571
254 184
613 766
738 637
618 199
620 633
270 792
550 852
573 685
333 136
7 75
615 310
608 192
347 20
497 903
140 640
500 574
456 568
509 824
288 1000
280 202
66 295
362 586
897 333
256 371
403 4
633 496
24 207
171 96
784 441
601 731
516 827
77 467
492 412
720 199
259 965
42 479
960 886
812 751
778 427
1000 87
375 113
214 49
820 728
290 513
555 23
186 990
706 153
742 763
356 258
618 957
217 453
80 324
407 299
139 905
691 740
855 937
74 686
735 151
352 964
904 123
744 890
985 112
70 954
397 418
56 284
423 658
999 627
640 964
454 44
419 600
892 624
841 482
183 663
986 572
353 200
471 450
339 909
572 437
573 156
222 826
387 259
528 259
126 342
573 269
657 306
641 597
383 75
796 643
505 576
713 107
415 215
254 69
277 18
667 78
570 343
291 426
534 506
239 352
335 500
274 710
140 701
859 831
676 863
880 754
93 763
461 119
319 361
964 82
332 996
208 282
579 317
525 959
158 184
696 639
458 862
731 839
152 497
370 34
428 422
584 468
128 432
399 39
972 811
336 94
521 453
425 440
561 964
122 530
910 721
82 622
363 740
750 400
346 986
402 920
6 286
981 836
998 738
163 556
436 207
497 495
151 612
281 990
468 728
791 92
568 117
821 845
805 328
56 329
807 814
442 878
852 949
869 625
397 454
643 498
302 781
629 440
486 558
268 373
356 941
35 578
93 456
937 98
424 75
795 76
389 755
911 189
899 58
97 894
539 67
95 349
127 994
154 30
40 422
876 279
628 656
492 480
533 899
274 870
62 921
826 275
490 136
918 182
150 300
263 654
861 312
665 848
686 317
579 200
530 941
604 94
146 930
509 926
57 261
612 625
794 738
525 594
950 481
293 802
392 461
944 138
581 715
656 542
986 317
841 534
494 12
329 999
302 818
233 631
713 701
588 319
185 500
479 254
670 301
449 447
547 546
397 695
15 120
830 87
83 818
251 228
401 205
865 864
224 12
905 205
815 342
51 189
496 92
819 895
117 644
653 680
106 663
503 443
341 332
549 791
199 930
666 533
631 959
407 49
430 402
765 821
35 638
536 717
98 450
170 567
64 222
37 755
620 451
965 319
198 105
676 980
532 889
511 242
110 616
330 256
723 811
282 580
912 42
331 39
383 261
919 446
280 644
105 315
944 667
1 47
989 165
989 278
428 13
477 482
63 633
432 45
219 855
367 471
25 146
524 332
873 438
637 309
214 622
533 234
20 915
737 391
794 710
191 606
826 808
108 820
794 321
272 740
927 192
238 253
228 237
873 208
49 928
280 286
187 926
252 106
401 510
189 631
959 119
156 352
30 345
512 200
330 575
756 601
687 601
137 149
276 552
904 241
916 838
441 180
904 64
613 722
212 285
640 586
532 584
256 85
464 998
542 882
952 827
790 559
113 449
296 191
551 549
176 135
191 738
572 339
661 101
386 976
350 385
639 261
382 822
53 894
662 836
535 462
991 664
830 542
529 241
753 531
580 11
239 617
790 107
250 622
234 43
305 709
220 74
724 842
928 907
747 347
452 117
842 445
404 240
477 454
150 468
337 179
465 390
673 697
66 608
589 195
254 776
384 437
241 607
223 859
902 290
685 946
962 729
716 968
981 590
684 110
67 116
296 602
417 69
110 314
789 997
938 481
93 345
390 958
891 451
600 788
841 558
271 919
536 60
9 156
781 998
266 309
285 247
418 472
935 29
5 232
444 165
229 906
137 397
622 179
553 1000
865 974
792 324
631 291
833 360
597 511
321 188
570 144
268 925
952 10
548 755
22 724
117 602
248 807
526 804
251 172
398 219
921 878
523 722
468 923
356 950
14 491
36 615
623 557
535 671
203 414
155 602
720 226
392 312
696 365
994 897
878 597
348 544
256 990
921 648
518 986
980 915
528 614
181 903
144 863
696 476
917 956
404 737
297 375
540 213
841 370
705 259
980 131
740 138
800 505
178 389
8 323
921 347
905 850
748 374
988 261
918 83
735 520
900 570
816 414
628 339
850 181
38 846
858 728
950 248
629 823
99 788
150 496
54 688
999 92
874 78
34 153
625 944
21 397
958 678
850 983
366 364
698 99
129 804
862 822
167 804
134 55
742 856
376 545
472 672
278 840
203 528
115 380
498 76
940 379
627 767
119 412
925 201
674 75
33 433
694 910
682 974
313 161
42 289
61 515
479 18
316 695
850 539
102 800
194 23
638 586
677 602
808 775
200 700
759 498
118 510
123 44
346 765
994 673
795 944
388 506
85 80
876 568
772 384
499 882
209 732
710 444
571 774
129 499
830 869
406 304
451 900
507 512
951 979
365 610
867 224
596 290
814 473
407 925
579 692
568 707
934 918
866 56
61 282
526 380
931 748
554 909
538 278
956 41
226 458
896 708
605 334
609 139
792 900
352 412
244 154
836 934
672 591
131 317
864 295
885 159
745 484
728 726
158 729
676 926
179 670
222 704
561 458
444 714
945 107
747 291
842 501
550 770
806 775
517 688
516 773
686 429
817 258
965 410
924 709
997 9
67 76
216 786
927 978
397 835
966 892
825 888
902 720
635 529
432 590
54 501
419 856
557 482
946 416
963 919
75 343
203 794
989 855
886 648
439 870
281 776
817 718
857 297
142 971
289 277
161 972
818 688
612 5
906 239
777 40
483 75
321 100
583 644
509 958
948 7
150 629
77 543
264 196
726 116
178 950
415 935
990 809
363 213
594 4
652 658
922 701
577 68
507 959
736 867
592 563
386 858
212 472
730 413
70 906
628 928
994 22
776 349
979 438
619 879
212 79
175 325
69 322
804 267
752 76
454 388
130 454
774 935
562 453
945 459
943 832
693 349
692 576
400 64
315 191
465 622
945 292
43 320
722 151
310 374
82 241
376 46
483 393
749 915
399 644
400 878
220 103
154 789
15 852
842 390
607 143
752 974
200 90
54 917
37 841
278 621
279 796
988 898
241 515
827 260
295 298
747 557
898 553
224 686
315 601
707 203
394 344
177 600
252 244
987 75
716 651
78 424
265 205
267 555
843 520
806 412
309 156
262 318
229 917
958 863
554 348
973 278
756 602
705 728
527 565
446 494
825 231
535 916
757 175
591 776
354 281
172 650
857 182
402 131
259 278
367 729
540 957
333 921
429 730
907 854
822 896
160 433
179 463
933 218
146 252
476 667
352 937
39 587
561 710
890 153
728 308
947 978
266 294
827 696
496 456
80 535
889 359
191 749
50 499
767 322
549 923
151 83
190 559
480 143
670 853
892 733
841 341
922 986
988 527
683 59
455 974
376 464
866 851
443 14
376 475
799 357
452 848
184 994
775 491
547 629
49 484
909 886
911 252
148 408
756 181
318 968
805 566
439 792
68 38
30 164
825 613
828 616
119 96
686 378
745 222
489 408
889 540
869 165
746 323
674 36
72 366
945 639
472 995
473 334
509 536
70 327
6 304
77 663
88 563
397 621
109 419
75 287
373 525
796 277
119 78
415 857
252 365
180 242
230 840
925 296
433 682
217 115
919 462
186 830
958 619
639 629
35 731
986 985
71 9
373 993
230 938
30 886
18 806
5 572
415 669
291 899
148 888
313 915
830 936
796 840
31 973
736 158
539 22
607 757
395 830
178 386
163 298
386 215
207 61
185 727
187 33
261 874
633 209
338 79
984 613
606 764
956 475
150 262
176 69
102 15
917 480
721 679
906 883
118 137
727 393
710 729
390 418
988 987
275 672
259 325
228 832
425 706
599 691
920 218
729 834
525 957
215 219
641 128
825 867
792 20
497 818
149 409
958 897
834 659
726 429
706 86
915 846
805 701
26 939
78 480
360 694
797 398
628 112
623 140
552 771
668 413
134 481
690 594
251 109
316 551
959 799
742 741
270 80
695 817
679 140
368 414
985 243
224 811
249 493
126 805
554 54
734 706
152 990
890 366
660 574
442 735
960 272
407 47
196 834
433 432
201 684
843 237
754 512
837 695
240 789
245 44
348 811
993 442
688 20
136 575
525 59
656 182
503 789
788 979
464 846
806 675
600 371
675 355
107 357
533 897
476 54
7 350
548 66
464 803
560 944
449 855
357 870
870 44
712 986
395 486
570 472
54 57
758 721
923 780
357 88
819 847
20 104
811 815
719 686
299 211
165 885
756 673
775 281
155 944
708 204
15 420
237 788
402 875
595 722
582 956
109 474
55 980
351 429
530 510
397 693
290 583
720 16
226 841
208 836
373 534
609 615
714 754
142 123
881 99
868 383
118 330
47 826
550 360
657 914
531 137
145 198
420 968
481 750
99 139
778 978
28 149
163 307
304 752
711 1
804 677
329 259
830 913
562 371
579 659
911 624
308 987
90 52
334 607
799 499
532 949
620 228
64 510
288 758
248 250
909 849
270 993
92 443
278 768
894 224
288 980
328 1
366 569
662 250
24 314
15 964
741 740
372 377
998 157
394 103
858 512
784 419
327 967
897 68
111 988
239 11
78 143
773 182
154 679
817 301
180 731
471 484
613 26
57 400
275 329
497 873
133 811
171 488
29 970
746 364
277 669
39 177
385 799
998 590
980 973
589 99
147 240
275 39
276 980
941 236
636 450
436 18
720 109
4 830
352 17
523 458
891 244
817 745
506 346
469 86
930 456
125 564
350 843
665 909
8 392
749 127
553 684
131 450
357 768
557 888
441 765
602 73
18 944
365 263
189 57
342 537
40 791
349 321
616 490
501 104
191 748
469 394
507 715
805 96
292 437
408 173
156 708
505 478
532 799
771 33
809 246
496 695
353 18
49 313
1000 871
196 696
987 863
624 179
953 995
576 54
261 996
278 962
407 682
528 425
837 177
710 65
178 366
948 894
566 512
645 826
540 804
895 348
128 982
741 550
397 400
310 125
58 394
444 755
189 925
729 875
949 602
805 646
466 998
820 681
513 199
590 983
738 716
850 896
91 108
94 861
384 645
190 368
285 68
34 964
841 556
911 892
918 696
959 4
85 503
285 245
214 197
414 907
843 257
789 709
155 745
483 164
545 417
673 84
531 882
184 7
740 4
137 183
423 476
639 790
90 369
844 42
661 620
186 844
479 65
339 594
568 92
161 666
930 813
814 739
246 487
763 203
835 582
394 768
404 824
798 645
516 54
888 872
498 716
463 866
246 22
672 121
849 608
377 86
175 143
123 694
780 326
335 762
205 969
975 229
153 854
781 150
356 935
715 744
939 668
899 481
540 501
727 821
49 438
893 557
662 444
299 893
22 483
480 22
766 404
35 116
336 434
742 493
413 943
76 687
21 26
528 678
724 991
48 72
448 722
588 424
452 250
698 254
129 137
438 445
650 381
465 927
511 222
727 377
858 504
784 491
894 282
609 666
662 396
551 402
874 141
524 485
290 287
536 491
955 483
760 649
411 577
859 79
751 85
347 275
39 121
29 35
939 68
890 538
489 951
553 970
848 250
683 717
600 930
44 597
678 882
476 830
151 467
369 170
316 919
796 489
555 323
787 214
476 685
627 535
795 803
333 273
255 275
341 859
717 570
442 732
151 180
668 66
175 50
818 738
787 948
844 643
683 519
776 163
733 351
442 734
396 140
126 407
109 677
671 579
265 819
681 507
331 759
154 29
961 923
103 44
628 659
277 337
978 318
876 417
554 685
651 509
192 486
194 789
486 248
1 128
991 769
617 672
812 223
940 932
903 48
51 951
766 146
842 578
312 457
366 892
525 591
450 299
618 4
676 717
492 690
474 421
293 815
561 827
245 818
433 827
823 671
916 35
722 270
9 329
392 351
752 853
952 375
475 674
8 655
975 881
959 92
768 153
184 211
919 674
299 257
262 663
394 535
323 391
986 205
920 755
80 368
562 812
355 54
160 56
856 352
263 904
325 547
938 906
153 722
333 836
905 323
283 83
621 241
714 981
108 452
382 575
277 689
667 457
619 976
505 80
657 179
14 336
587 62
400 164
917 897
538 90
671 959
583 202
236 311
297 333
886 409
559 45
624 136
733 362
481 169
524 779
12 119
359 136
771 226
205 610
79 57
965 56
472 152
222 531
340 570
201 452
36 339
866 542
206 39
44 198
82 17
724 928
48 129
915 717
348 332
472 848
600 541
932 740
629 926
902 468
669 503
85 752
410 714
200 314
793 243
745 2
802 75
286 929
915 792
369 310
263 552
671 447
722 389
660 344
997 269
443 611
569 14
170 745
973 276
649 422
388 158
173 928
427 432
331 92
705 847
208 801
918 558
640 734
125 676
255 757
181 754
701 507
4 93
173 834
469 183
307 4
625 1
829 407
265 536
278 382
948 315
350 501
246 820
84 193
387 410
299 838
588 860
97 187
574 439
898 627
210 890
410 72
339 98
187 406
633 74
705 469
796 516
876 346
469 860
440 890
169 73
978 262
814 96
407 538
672 905
949 647
966 367
206 144
135 236
271 880
358 511
909 965
154 583
127 694
989 311
167 735
720 396
342 337
296 46
186 55
633 390
997 877
443 833
271 754
76 618
498 468
797 646
580 42
980 780
655 536
259 895
417 90
863 901
8 617
461 177
138 871
481 873
65 874
397 619
259 598
425 354
333 601
155 665
618 953
986 133
376 358
386 591
596 708
856 681
891 537
622 912
571 910
551 428
920 602
425 28
227 392
269 147
770 664
308 719
237 287
94 184
100 617
67 132
514 661
614 518
92 905
473 953
311 425
739 434
504 993
17 623
526 594
651 708
889 498
541 521
999 845
691 164
417 879
255 45
224 351
957 313
282 115
709 328
191 993
982 980
552 141
678 509
37 459
374 516
366 81
93 932
477 261
173 12
305 156
548 40
325 337
951 61
131 552
637 664
362 982
492 937
408 210
284 957
638 34
849 377
908 8
926 391
685 260
896 214
826 27
315 530
742 863
396 881
293 923
935 476
829 825
21 364
480 40
125 808
570 151
499 500
772 591
919 808
407 455
650 47
618 763
213 325
643 826
845 384
204 8
441 842
523 388
200 50
198 554
754 122
972 5
330 695
8 498
801 171
820 113
749 181
344 473
911 971
515 530
327 240
784 149
212 336
160 507
435 179
578 193
193 357
981 132
779 980
681 216
772 161
956 966
832 348
705 194
889 285
227 642
710 349
144 190
786 261
790 325
957 492
135 624
725 665
521 752
766 580
32 515
362 374
975 248
723 787
83 927
418 663
183 917
221 17
614 411
979 106
83 33
980 273
359 244
79 213
941 218
797 620
999 420
12 178
270 954
831 48
39 649
810 963
803 22
606 617
6 803
928 805
30 165
804 994
710 571
661 13
786 992
443 500
281 465
484 200
394 208
987 243
769 420
627 152
720 470
405 944
500 626
428 503
103 695
896 33
826 174
774 356
461 377
542 34
85 573
231 444
608 490
611 94
740 255
543 668
677 746
327 289
332 121
136 212
65 850
691 514
322 163
915 74
898 900
132 160
26 687
833 341
192 603
997 458
892 240
159 272
531 26
62 176
411 104
418 138
871 15
481 748
763 242
917 164
969 535
147 515
192 1000
999 951
302 349
729 183
39 713
958 611
786 470
331 511
79 885
575 592
212 74
361 624
966 215
52 563
544 158
572 314
403 843
300 533
840 738
98 288
905 798
642 475
814 569
978 291
634 321
164 359
130 150
205 754
813 499
887 774
983 967
839 675
756 355
614 225
737 780
653 475
128 234
987 437
750 528
72 407
381 243
219 216
826 96
718 50
828 566
100 333
121 812
640 228
548 469
110 255
609 705
700 491
780 512
362 595
125 780
293 595
385 520
189 514
650 20
377 802
215 850
952 276
285 38
902 134
523 383
267 701
696 793
53 228
483 27
122 953
284 472
213 494
627 688
761 742
958 8
887 98
579 821
906 431
324 856
734 723
312 578
368 472
169 153
332 323
138 644
397 441
915 324
12 104
151 142
703 429
584 827
677 194
827 701
682 360
390 861
549 920
696 452
445 835
773 704
923 255
687 14
455 966
141 317
145 339
109 546
420 83
439 337
459 575
5 999
565 348
156 629
305 917
568 621
328 498
438 875
629 396
80 967
305 998
75 725
89 959
128 569
110 172
495 991
79 28
766 382
894 179
89 808
698 902
491 908
303 921
64 762
9 13
78 435
608 999
325 470
21 961
757 266
680 419
923 426
413 235
896 203
589 338
147 451
245 888
567 319
646 938
388 974
116 971
734 883
981 570
873 833
81 597
575 246
542 389
265 127
143 122
660 848
207 823
762 570
527 480
342 238
329 669
661 618
425 242
728 501
618 969
967 174
649 717
144 269
151 829
920 547
855 533
415 632
400 463
865 541
957 229
351 810
189 91
65 469
539 205
776 137
386 454
992 631
791 979
667 33
788 500
908 781
269 266
62 644
232 827
503 818
952 680
404 963
373 290
603 845
641 324
275 854
6 538
903 296
317 699
211 424
361 507
876 462
59 108
48 251
339 460
286 325
548 184
567 204
789 178
955 150
243 104
206 28
764 542
729 837
326 725
647 828
964 95
718 106
441 254
246 891
707 247
779 162
621 933
324 333
141 945
493 306
464 294
485 350
915 851
72 78
229 466
599 153
747 788
859 254
533 369
882 53
955 707
333 747
65 885
392 131
636 4
967 876
745 198
436 212
972 6
366 269
574 982
61 737
941 893
302 757
32 489
714 733
322 551
143 742
112 916
479 308
912 519
431 49
395 736
109 823
917 832
888 902
249 204
585 682
711 30
846 22
735 916
282 178
528 582
553 21
258 171
903 729
762 133
566 98
672 357
89 286
681 505
538 274
645 606
740 860
101 682
514 267
918 105
352 400
480 69
631 538
373 262
986 331
374 609
547 337
508 531
272 305
607 541
511 392
687 405
780 623
158 733
548 77
253 193
70 505
970 699
257 60
976 692
757 337
962 891
603 631
389 729
693 618
167 887
366 82
652 386
931 266
660 212
859 100
43 186
462 640
220 626
423 47
841 335
930 193
578 719
837 894
198 644
294 171
96 686
795 626
27 492
809 233
643 678
613 808
928 192
303 312
87 593
109 249
113 254
886 979
636 782
263 906
469 145
313 183
881 241
282 382
632 925
134 893
374 22
213 236
752 354
805 504
790 516
772 247
740 643
670 722
2 358
763 467
909 27
639 364
144 155
48 35
790 358
849 986
558 770
693 220
729 336
857 651
408 591
727 782
932 34
771 228
231 118
444 388
555 215
949 673
239 449
131 722
279 570
395 89
559 269
25 228
853 770
216 178
537 65
332 587
8 785
462 450
251 637
984 894
927 501
992 345
920 230
83 861
336 285
445 661
483 606
241 400
422 687
370 244
704 764
193 667
746 363
333 428
181 793
860 503
110 146
94 759
955 557
722 496
183 5
502 584
391 625
513 779
422 393
924 971
375 107
13 676
108 614
826 421
590 442
869 321
1000 496
30 749
35 965
52 45
74 581
1000 287
485 691
982 258
865 577
14 801
939 573
541 257
69 512
658 95
690 460
900 416
829 6
924 318
234 72
378 992
822 881
252 777
625 353
964 380
593 963
657 46
931 731
531 501
537 624
459 574
499 765
430 141
452 717
738 616
577 736
410 249
214 963
269 642
275 829
148 565
24 635
81 638
390 670
50 819
568 844
2 910
663 710
965 171
842 422
2 801
556 376
513 171
492 982
363 347
419 472
756 87
102 833
837 754
361 201
16 540
457 766
342 963
686 489
889 739
673 926
72 259
401 691
128 88
26 221
502 549
34 963
972 829
358 279
422 346
263 526
58 22
855 208
551 251
478 789
393 177
103 988
216 989
569 40
843 697
510 934
756 954
260 423
812 628
137 180
947 743
855 822
752 75
367 47
437 713
991 150
388 3
445 238
728 502
526 809
543 885
434 321
809 795
332 352
609 366
667 627
191 559
60 887
307 98
300 404
553 286
695 975
813 852
613 302
143 569
757 919
922 764
140 273
549 955
188 533
992 520
577 418
207 283
580 775
780 321
156 859
925 872
359 492
418 542
481 102
212 242
74 255
939 188
993 3
297 532
11 738
585 201
864 272
214 862
768 598
607 585
487 824
301 230
189 901
334 86
101 329
709 138
414 46
111 928
673 890
462 314
484 214
533 45
129 831
519 14
405 922
135 257
506 989
989 684
683 257
261 187
546 27
18 416
309 175
43 127
63 112
907 726
912 956
309 208
618 520
671 453
930 412
968 599
933 555
754 120
147 922
220 828
977 927
248 985
246 292
1000 456
801 169
485 640
993 406
915 417
170 424
192 736
283 219
819 299
406 59
388 374
31 766
469 365
75 234
937 219
259 483
886 150
597 97
106 716
450 586
605 566
967 435
201 848
273 195
292 377
743 392
52 253
877 450
455 620
224 398
227 533
343 911
532 978
771 122
541 668
712 514
363 711
110 857
571 473
419 84
311 194
810 687
560 598
748 343
966 282
881 635
475 477
742 317
870 198
157 617
943 638
180 830
605 107
384 267
257 51
665 174
794 458
742 396
48 152
492 318
127 584
756 24
135 71
360 297
784 443
254 837
681 965
702 761
560 146
390 19
229 9
768 975
716 525
538 745
407 423
949 177
732 295
813 974
538 221
167 84
78 337
110 725
526 677
214 145
596 937
560 335
392 209
607 709
401 421
130 893
366 447
209 384
872 64
303 330
493 968
89 203
790 827
601 160
29 471
213 42
514 825
75 57
57 534
601 209
804 594
108 455
625 235
18 987
375 750
305 653
397 117
445 361
528 675
587 128
550 276
348 660
365 722
793 513
994 130
408 545
763 579
508 850
54 546
900 626
425 534
444 278
11 733
488 670
438 828
994 378
576 93
23 850
546 701
15 802
966 262
455 775
3 414
667 935
654 675
586 829
469 935
314 88
25 235
500 771
486 362
405 196
849 310
266 86
172 532
471 115
642 797
771 675
884 216
578 927
137 707
413 182
513 104
806 85
458 769
829 782
367 179
333 511
595 916
45 459
391 739
938 503
197 656
304 868
411 522
525 850
694 843
426 507
769 672
552 816
632 510
143 96
365 80
688 399
636 77
144 685
41 315
995 182
651 610
857 185
956 571
403 685
540 954
812 951
758 629
818 564
32 129
52 844
182 951
960 383
536 529
739 10
330 997
925 609
123 305
179 67
307 438
808 369
992 766
194 901
425 967
745 986
567 689
803 960
663 130
331 413
114 999
273 292
391 460
174 36
191 974
667 389
309 835
678 468
993 486
633 79
887 966
571 257
115 957
337 395
743 7
546 705
983 628
125 364
53 735
325 378
453 309
864 484
132 994
296 624
462 61
854 771
731 224
486 135
54 987
55 438
594 196
283 371
667 560
618 206
28 974
931 231
751 494
111 911
846 470
349 518
2 716
559 101
742 39
68 946
231 550
896 205
325 212
241 546
132 663
142 442
104 870
836 448
879 507
367 215
613 171
111 169
198 803
604 802
111 210
924 953
525 774
952 306
823 625
935 27
890 514
216 493
177 857
622 181
974 548
164 885
393 257
948 85
588 204
458 727
5 500
777 107
373 714
100 822
925 291
397 330
878 381
995 35
868 307
502 17
806 614
605 672
717 530
743 534
504 629
781 309
17 72
634 195
192 978
109 551
311 475
224 483
979 373
430 63
378 884
714 202
810 569
692 517
35 282
595 306
957 679
705 438
983 683
767 208
804 46
679 926
859 534
680 355
534 2
596 106
357 845
158 886
732 143
807 785
314 16
301 886
139 103
816 65
88 385
543 502
600 728
711 912
103 575
125 195
59 701
498 503
343 253
290 491
241 351
160 963
935 137
273 612
310 921
289 315
665 702
761 977
225 887
337 861
543 677
865 772
367 969
208 974
467 715
393 172
583 521
876 476
716 430
313 389
351 453
373 573
30 554
895 664
659 54
94 377
407 271
464 719
96 86
396 729
749 413
777 272
510 895
666 568
173 536
619 1000
122 64
140 423
288 402
274 669
916 796
187 644
859 502
108 130
92 543
535 415
122 290
992 900
594 584
273 962
965 959
58 765
990 258
131 875
889 237
389 913
915 201
148 494
443 186
247 893
335 888
556 434
277 63
44 222
141 608
698 815
936 632
223 776
812 219
79 500
232 469
90 991
718 852
590 992
537 20
833 893
565 371
229 8
718 128
929 322
638 940
471 479
77 68
914 77
544 871
30 74
682 541
665 745
523 199
138 171
836 262
695 477
682 940
384 743
392 210
69 695
655 883
927 766
21 623
316 593
308 509
773 21
264 123
941 863
490 863
270 49
371 929
773 934
703 293
173 858
501 381
709 824
692 10
142 239
951 879
237 339
644 149
645 252
188 377
403 634
445 390
156 991
647 13
269 216
575 752
679 397
178 146
969 741
182 714
753 782
865 436
342 600
797 726
139 517
552 588
568 741
914 433
849 984
832 42
709 380
899 428
336 836
832 89
244 606
841 157
948 871
625 566
754 914
150 225
664 235
541 784
175 534
663 317
542 566
598 850
547 220
250 708
827 645
650 735
756 125
650 686
154 561
654 962
824 661
954 24
521 731
884 217
159 868
452 584
985 902
369 273
287 652
110 289
536 440
884 328
10 35
693 366
198 964
876 980
219 507
313 114
59 594
741 82
209 193
392 383
712 981
138 847
162 943
124 52
531 748
200 540
366 489
977 196
851 863
394 420
158 405
180 117
976 508
540 661
208 918
392 93
502 872
564 275
807 905
572 896
82 770
746 506
804 913
697 295
203 26
369 886
726 938
182 948
301 440
9 694
856 495
201 670
697 513
946 288
231 302
382 942
554 813
614 757
580 813
763 552
67 882
528 640
196 534
168 15
359 157
83 508
211 179
709 336
435 571
532 907
239 513
701 823
795 299
484 850
799 355
657 704
608 668
865 35
738 275
723 189
245 257
163 18
994 614
366 623
438 136
976 751
295 529
598 894
767 797
839 640
219 795
261 75
966 525
572 652
385 222
780 71
78 125
595 853
941 449
634 949
980 665
285 317
909 675
125 62
789 125
681 796
955 365
354 768
634 804
587 882
422 713
462 766
950 553
959 713
492 517
163 575
772 599
95 696
730 57
885 774
552 813
347 443
510 853
441 818
775 493
65 878
263 665
639 908
311 993
183 381
99 411
807 941
698 222
446 287
449 233
807 770
118 154
132 10
27 244
48 809
165 78
374 92
47 110
605 720
550 936
438 697
723 541
299 777
179 207
774 135
187 744
406 74
18 706
862 451
993 400
889 103
268 62
880 814
903 404
540 498
178 271
240 604
116 455
604 300
144 274
533 984
667 622
90 585
886 784
988 34
715 858
208 500
278 700
968 14
811 936
907 413
780 997
485 121
253 397
591 485
594 459
722 148
7 820
120 446
569 767
59 557
133 878
542 202
11 398
236 855
60 869
51 538
981 844
928 328
674 804
967 873
952 446
631 284
47 959
985 442
143 456
311 890
238 974
424 404
868 321
65 148
145 220
660 597
442 886
597 254
249 352
502 114
875 500
982 328
421 456
408 809
464 933
174 784
584 28
199 839
365 603
493 550
866 64
482 857
869 773
255 124
130 509
314 526
442 571
294 552
176 164
608 614
718 751
176 754
374 757
196 765
883 8
699 270
893 716
710 898
311 77
331 787
262 403
448 533
379 827
36 292
791 436
159 190
110 214
698 812
223 779
51 375
610 176
301 857
711 998
802 862
471 105
552 681
972 530
111 966
516 780
63 803
814 745
632 338
159 476
181 180
309 495
238 319
171 62
439 636
472 643
881 729
601 645
793 419
354 699
565 847
161 25
513 812
298 914
427 314
263 592
892 46
177 791
419 814
407 389
617 257
930 446
643 683
313 416
458 686
213 600
192 607
191 387
308 365
130 925
296 429
209 672
49 843
265 662
458 129
373 818
804 604
640 533
625 233
465 820
834 343
84 170
486 706
322 611
516 255
203 300
937 561
779 871
669 519
526 432
731 882
866 983
425 651
305 877
608 514
625 420
292 125
83 80
581 305
837 199
827 849
376 479
872 806
48 588
162 688
932 444
555 811
37 528
595 90
465 257
373 392
413 993
34 502
931 124
35 51
202 544
96 35
497 984
693 730
148 225
655 658
699 214
918 948
707 803
689 284
396 934
806 693
627 120
324 640
987 64
806 516
536 40
845 98
539 923
8 705
190 297
15 390
952 280
552 818
274 56
332 10
995 474
225 958
523 371
547 633
397 578
539 697
96 845
601 992
263 709
895 706
424 719
355 89
394 647
677 644
548 996
22 691
556 543
388 441
907 847
804 993
471 772
65 503
39 576
596 387
282 568
136 417
467 337
964 923
715 23
364 191
754 499
645 352
249 137
835 654
81 994
19 605
335 511
525 155
417 838
677 32
400 20
663 13
701 954
443 918
236 651
961 981
176 555
429 151
52 299
36 15
124 576
315 208
883 302
802 706
123 895
269 703
145 625
827 893
496 907
82 204
605 32
606 779
379 696
295 528
159 225
149 59
225 429
249 551
470 905
471 160
613 503
595 852
266 72
895 981
250 955
474 503
264 617
638 997
119 432
599 906
547 823
198 801
590 251
849 67
1 804
962 354
66 431
138 864
964 404
68 737
968 943
453 937
332 46
99 269
725 705
337 640
217 858
329 816
695 693
276 613
229 515
778 747
436 355
77 591
662 528
782 218
916 548
151 825
498 631
122 187
165 77
706 360
658 190
518 978
408 893
227 365
948 395
607 246
184 568
524 746
553 176
477 126
631 669
156 597
231 51
568 525
842 148
550 685
80 734
240 718
3 314
785 1000
975 1
10 469
16 206
20 654
702 998
24 713
944 984
175 80
943 724
204 256
272 503
182 110
475 144
793 59
371 35
707 989
565 551
358 367
489 492
970 613
974 101
393 790
33 367
305 450
769 83
347 75
954 977
516 952
133 732
9 454
427 51
889 764
932 782
343 255
788 88
94 803
440 454
39 230
591 405
423 7
157 119
893 333
403 231
952 353
180 297
632 681
574 760
5 163
65 984
651 881
873 801
489 552
920 878
565 425
659 203
690 135
811 388
333 632
915 861
69 786
342 782
844 68
905 216
146 172
972 224
421 102
712 703
852 958
395 663
86 370
516 117
9 717
710 455
711 26
911 756
662 570
540 130
615 638
890 75
1 734
607 234
965 812
468 276
127 49
992 902
357 572
512 893
624 241
770 189
590 554
282 451
763 646
900 959
405 7
897 656
465 292
712 739
211 313
193 966
108 586
483 204
768 323
447 519
133 542
188 735
906 798
448 983
764 574
586 998
492 793
220 296
918 937
632 152
483 550
870 438
927 821
561 665
446 490
167 960
480 628
940 626
742 975
856 810
686 933
670 139
484 954
426 782
17 569
588 304
86 113
467 745
319 840
730 208
108 284
215 536
899 581
481 630
578 28
516 538
265 661
307 46
956 641
539 363
691 340
730 498
70 883
363 263
807 602
425 1000
317 202
198 215
623 722
26 822
706 666
672 278
799 117
503 720
126 437
435 432
762 165
447 845
303 745
497 694
204 830
233 450
987 761
770 413
993 72
900 524
885 202
957 749
932 445
735 584
519 655
331 830
280 828
747 374
452 26
235 410
201 459
935 607
426 637
372 209
979 875
157 507
379 695
586 907
951 40
538 822
704 466
104 766
196 159
366 802
997 961
280 73
299 167
998 359
90 800
54 143
739 661
63 215
447 116
506 528
609 565
228 101
925 137
87 162
698 261
530 586
930 336
803 962
806 487
96 846
977 843
320 626
997 408
925 427
393 234
554 471
707 271
341 21
731 661
470 379
792 527
687 838
144 590
85 734
151 133
139 837
141 26
443 715
711 16
411 361
255 422
139 547
199 671
737 796
294 625
892 836
586 491
165 748
115 529
940 550
867 542
486 88
658 543
791 281
560 529
888 382
281 80
89 819
805 941
148 416
558 111
707 595
135 234
673 711
528 78
164 159
349 658
524 154
710 757
470 910
474 325
798 31
758 737
889 630
447 394
159 262
93 542
572 297
647 109
564 701
158 74
87 96
768 94
846 247
261 323
893 168
54 282
224 561
975 902
707 60
385 664
670 926
234 793
808 788
716 389
256 619
731 545
665 961
479 57
465 966
997 444
156 204
273 808
460 346
30 604
677 399
346 657
772 405
631 640
995 36
166 411
800 54
375 286
113 267
642 308
283 17
359 266
855 641
535 263
607 332
689 723
252 809
59 423
61 269
28 506
729 355
93 156
793 766
983 604
61 382
157 895
691 219
897 680
719 237
697 878
835 167
6 652
5 197
657 296
554 376
719 158
997 600
101 403
79 364
138 382
881 293
569 946
148 299
461 924
766 58
894 434
132 743
44 27
229 17
430 728
112 981
409 547
216 831
397 854
350 718
918 748
315 921
797 277
945 514
17 963
12 243
94 691
475 863
837 901
569 877
953 120
699 620
406 974
885 905
800 773
432 697
311 783
460 239
7 762
288 88
937 317
192 740
543 853
73 209
402 195
463 990
523 745
86 371
974 836
222 83
765 807
752 202
203 258
352 728
345 705
978 900
745 919
50 435
785 44
326 76
414 704
808 106
776 392
923 299
616 711
619 152
32 648
287 192
970 962
609 130
718 540
847 440
704 186
67 618
13 368
241 931
477 355
741 534
951 31
662 214
116 84
333 213
291 368
591 165
522 508
235 260
105 110
896 281
722 231
392 616
945 844
485 155
323 48
150 430
570 83
202 895
846 188
523 107
674 501
967 664
716 664
349 877
522 161
462 564
911 369
642 710
902 156
247 471
104 95
892 40
358 852
950 648
274 169
705 715
252 852
180 890
234 849
532 344
610 584
147 954
664 874
246 260
851 473
947 803
967 220
242 810
554 387
402 148
374 424
80 262
744 813
49 841
636 779
329 553
514 676
937 59
666 539
135 684
118 108
838 373
452 560
252 994
127 246
183 672
240 986
773 726
300 636
458 160
446 902
964 808
306 45
731 884
495 438
780 261
818 80
13 434
794 571
757 109
850 449
417 666
434 728
879 958
898 75
330 409
991 588
34 389
72 848
760 157
396 868
763 786
515 383
917 447
132 921
911 522
617 645
562 820
637 346
653 469
759 607
741 748
409 761
938 462
181 357
572 602
133 642
214 601
867 886
392 516
622 464
459 476
238 433
959 411
535 421
48 373
967 636
159 579
800 623
640 29
466 687
489 598
733 961
812 766
122 592
677 648
808 825
769 725
204 78
553 813
27 463
13 560
394 562
749 230
899 531
597 338
834 100
281 924
925 347
804 924
289 441
528 854
854 210
322 419
236 221
866 292
813 875
647 771
935 74
623 640
615 560
959 642
705 605
88 11
911 559
457 506
885 967
417 836
17 130
554 955
576 159
521 309
460 842
585 839
44 492
83 110
834 852
432 278
487 496
515 189
20 517
883 535
296 741
906 610
49 19
785 423
954 474
131 565
23 995
319 408
675 432
489 101
91 297
400 722
558 479
559 514
803 468
612 940
98 770
686 387
211 609
432 850
620 643
34 250
810 867
542 834
615 440
484 142
860 289
829 814
441 85
423 29
691 821
51 658
845 271
17 998
592 862
6 414
730 964
199 395
346 973
522 257
863 672
366 392
186 626
282 767
725 719
513 667
113 95
463 679
445 888
872 156
781 766
639 798
530 318
125 720
996 895
187 801
665 881
226 777
302 594
142 59
362 951
666 945
504 522
194 346
657 850
485 841
844 256
368 73
4 207
568 322
52 723
618 187
131 196
482 176
190 609
752 62
205 880
645 467
994 215
957 449
500 284
253 612
948 516
18 705
311 324
461 599
723 892
447 122
83 339
970 943
790 146
996 931
188 864
447 533
60 947
664 765
353 784
524 89
672 940
710 820
349 324
885 306
547 153
716 768
628 468
168 531
777 668
357 218
656 271
602 381
112 839
538 879
19 360
478 922
543 498
893 105
505 792
767 528
807 441
958 575
742 854
745 50
197 707
458 837
573 936
190 276
584 479
470 228
164 951
30 450
739 573
242 127
924 921
835 238
673 159
345 382
623 151
517 774
424 619
558 334
995 276
119 180
281 482
506 299
656 858
752 527
289 263
247 596
830 422
8 505
282 760
66 83
531 7
588 236
274 100
611 341
204 229
84 435
122 874
148 73
820 495
271 433
791 702
648 184
155 408
302 473
674 372
164 474
148 967
956 878
773 864
98 66
317 164
528 557
967 430
145 499
499 922
762 28
835 840
620 466
589 359
511 195
300 552
871 291
427 969
303 727
988 477
199 614
862 418
793 729
387 360
491 81
435 628
628 667
738 359
923 475
600 380
842 281
1 367
720 897
349 311
25 97
353 828
780 215
732 248
310 386
917 410
318 905
656 363
175 973
987 347
730 872
540 217
702 738
629 898
243 251
336 311
120 682
82 327
599 878
746 741
163 922
38 538
241 494
461 225
688 43
375 895
711 769
271 977
114 86
511 970
618 710
894 619
720 122
354 408
725 647
51 488
986 213
734 623
720 9
665 952
959 826
790 828
838 8
389 937
715 159
184 293
943 893
815 200
450 568
507 585
606 327
932 815
819 58
822 879
142 269
435 261
75 794
517 335
792 834
61 195
395 915
531 479
861 828
183 720
618 77
487 126
325 111
571 395
466 435
775 637
558 887
671 700
72 962
897 663
301 7
455 914
451 422
220 121
607 639
349 283
97 482
619 421
12 333
250 704
362 902
491 566
827 48
229 374
679 969
270 776
54 99
632 71
975 281
641 37
358 817
67 389
295 691
129 890
190 349
689 354
967 639
237 862
733 633
609 255
942 832
592 81
708 809
110 7
612 28
209 342
108 604
109 437
494 273
961 332
65 823
284 471
643 648
165 372
60 526
192 702
429 388
894 865
243 694
402 249
497 317
316 855
155 467
653 624
750 792
375 308
293 97
924 389
31 701
433 614
995 214
70 861
947 820
674 734
666 636
864 139
676 437
422 855
258 250
442 527
212 724
444 209
338 428
301 312
487 13
140 73
912 242
400 934
532 919
535 48
439 479
296 855
77 515
24 577
371 298
746 866
783 951
635 319
59 89
131 564
261 653
483 821
873 381
103 304
694 381
822 294
419 369
846 424
371 72
559 525
665 95
737 335
77 294
115 79
997 917
266 119
621 809
927 894
76 610
827 314
243 179
216 190
879 6
467 980
667 290
360 4
532 76
590 254
21 705
370 101
12 772
419 225
661 401
497 110
224 883
9 26
11 144
691 978
639 904
251 91
164 882
93 419
40 591
853 219
97 110
838 513
311 643
494 527
856 288
363 304
290 870
297 66
5 657
227 257
981 148
164 310
580 912
795 124
1 759
666 595
684 844
577 420
689 546
891 580
433 364
558 695
435 490
535 487
151 510
97 72
244 137
728 854
8 596
720 934
554 702
192 403
512 946
949 739
698 933
580 449
727 530
414 385
55 401
561 52
798 299
195 242
159 611
591 368
668 688
443 480
393 795
983 234
642 990
650 85
143 747
16 653
916 16
919 947
276 183
573 935
479 1000
640 82
414 861
18 410
77 957
263 719
156 268
677 892
432 556
626 214
882 44
756 650
108 63
725 738
726 133
730 72
256 585
185 341
494 457
833 321
946 672
783 119
678 875
695 779
866 395
522 719
869 532
907 827
83 636
155 411
339 742
566 159
910 25
293 57
888 909
282 778
981 140
268 361
161 927
795 382
521 295
516 150
981 753
334 585
819 154
545 738
914 473
533 361
274 952
173 326
103 5
303 583
197 64
434 818
184 821
11 706
598 666
853 533
729 543
953 659
400 893
55 215
222 572
261 692
614 354
890 536
282 369
913 561
496 805
153 452
372 248
157 532
654 888
489 60
695 20
92 207
105 620
189 931
358 270
915 553
579 372
231 613
475 927
655 600
713 591
551 859
418 309
835 315
299 90
319 919
466 713
769 350
55 953
612 298
902 146
759 32
694 500
893 479
821 98
677 516
237 155
455 228
772 698
781 448
976 21
668 507
190 19
228 418
470 483
274 54
840 286
859 853
513 627
551 415
242 469
759 88
248 874
890 281
892 383
621 87
494 711
577 209
504 579
909 306
783 361
457 371
408 777
728 210
996 641
123 490
203 288
460 721
993 355
518 808
79 994
47 256
567 585
97 7
175 457
317 538
410 236
969 993
306 269
435 595
221 190
224 142
296 779
831 805
888 357
356 599
118 558
659 908
583 784
385 43
336 615
318 987
37 679
366 967
334 58
439 777
34 357
785 731
515 398
292 573
184 288
137 628
46 516
234 202
987 166
438 370
671 56
472 756
971 746
437 58
385 407
627 987
983 3
569 315
128 447
538 582
320 855
474 160
994 939
761 908
171 128
659 711
869 954
416 883
3 760
502 877
416 88
536 889
574 913
665 923
616 429
618 989
70 688
821 792
623 428
420 903
646 413
354 159
173 697
658 455
127 438
585 264
106 767
913 147
52 761
291 515
643 310
681 143
478 183
5 717
724 299
834 439
468 105
217 431
145 442
520 154
675 630
539 7
636 749
748 503
40 462
828 63
741 842
26 97
11 767
140 985
163 392
1 293
755 546
918 535
118 522
376 85
868 838
477 202
686 167
50 957
16 885
366 995
371 75
278 661
599 563
396 608
552 726
148 129
167 679
870 482
362 600
710 635
750 564
971 825
128 125
769 293
747 514
551 914
897 303
347 209
8 530
890 810
925 249
289 31
739 515
156 297
492 401
204 29
631 390
246 672
601 599
307 988
829 639
721 286
588 447
337 533
468 713
820 102
640 260
276 720
142 57
145 235
809 796
9 836
598 134
838 657
447 241
605 698
882 717
333 771
389 625
533 423
22 957
795 127
64 227
748 339
305 719
112 223
576 846
411 487
196 631
452 665
466 442
153 860
157 892
656 150
40 426
297 541
571 21
163 420
129 372
610 263
258 400
390 381
598 812
837 44
875 873
158 609
54 782
515 296
475 359
96 112
495 872
650 513
737 989
281 699
696 818
936 898
186 97
354 991
278 689
599 727
67 930
282 690
48 465
12 628
937 981
976 893
543 397
641 157
91 66
98 586
185 9
739 686
940 367
906 43
985 626
420 321
792 142
885 997
815 754
427 213
195 305
642 656
5 48
652 898
10 754
910 333
754 996
476 897
772 342
325 353
191 360
320 445
7 759
191 362
674 912
714 709
199 143
576 750
703 271
670 476
843 952
834 944
55 585
170 290
725 436
70 779
994 407
977 707
62 511
669 653
431 174
734 461
183 601
829 758
948 900
26 276
619 895
819 81
14 749
680 777
978 102
781 663
318 927
247 711
417 770
573 529
760 422
156 64
482 948
139 509
837 238
197 79
914 617
475 421
644 642
719 206
443 67
335 209
211 479
747 241
434 642
339 541
95 118
633 250
337 469
317 727
14 809
491 588
55 71
576 278
171 586
499 73
228 521
193 986
272 471
683 849
832 575
836 130
323 932
513 148
336 682
698 152
3 726
902 486
724 628
48 509
305 482
134 651
310 861
756 261
258 952
200 100
635 700
962 388
104 932
111 163
223 421
833 657
579 405
737 323
824 751
381 441
256 264
20 337
848 434
612 299
833 514
996 74
834 893
997 287
30 366
363 703
181 962
481 936
863 267
706 210
804 891
489 810
610 566
739 134
96 900
613 673
229 680
694 147
843 932
386 809
305 565
530 38
624 853
553 351
455 299
373 942
249 240
214 6
385 327
486 854
213 902
767 291
326 175
3 88
631 720
192 143
912 792
899 402
465 602
785 303
240 980
562 219
837 83
803 223
665 341
427 691
805 5
121 490
228 877
141 557
514 9
885 690
348 720
633 263
797 918
525 647
504 333
489 31
36 468
609 510
646 677
224 860
722 55
867 930
739 257
138 388
11 327
324 495
589 421
311 315
780 938
955 521
721 902
498 57
778 71
755 861
821 419
949 158
966 852
950 329
879 93
194 177
525 843
953 68
402 834
332 7
423 856
426 76
198 728
860 749
19 55
627 266
630 767
631 338
9 77
18 133
91 985
421 216
943 861
855 923
164 574
496 230
848 843
463 994
475 684
341 386
809 944
273 557
672 104
626 149
734 506
529 539
726 654
692 778
622 591
291 915
383 121
994 206
979 350
526 401
70 125
638 531
835 915
900 589
525 120
323 544
88 475
141 367
344 581
897 753
681 330
865 37
922 164
932 477
720 843
556 481
814 985
598 880
769 168
556 368
774 443
742 79
698 225
242 741
205 495
581 852
893 66
234 321
972 599
882 292
314 456
222 620
252 44
544 532
67 129
233 681
533 356
256 496
275 76
259 563
636 106
385 870
981 690
216 500
12 917
244 19
919 764
388 100
449 114
915 397
701 420
190 955
874 936
798 570
657 966
880 534
293 434
991 47
905 304
69 603
711 156
421 250
201 723
933 226
146 212
735 42
496 401
26 398
635 398
653 739
122 55
13 132
485 967
933 115
203 282
890 48
50 395
386 905
783 971
466 171
762 118
340 448
605 460
862 453
535 481
26 211
889 105
783 759
490 557
53 982
240 707
410 293
461 969
24 607
748 900
945 233
325 327
168 414
978 115
577 237
301 222
146 801
639 604
809 868
903 193
82 475
671 37
50 561
200 158
788 263
770 278
8 977
172 220
855 313
140 514
100 270
462 685
310 993
195 419
413 488
877 707
768 25
971 514
608 472
113 798
275 507
479 891
778 494
356 246
194 249
161 480
751 975
879 250
8 365
164 278
677 589
255 593
627 706
497 409
434 188
844 65
402 172
817 229
167 492
703 270
653 549
18 831
415 950
967 133
18 92
2 472
139 816
446 652
965 612
184 507
277 674
196 950
231 272
71 374
933 23
718 983
75 883
222 230
944 881
62 591
620 461
197 300
622 675
636 679
213 594
508 838
400 81
74 136
554 638
499 701
390 572
799 400
175 394
111 520
987 47
645 726
667 802
28 760
582 179
583 398
794 536
862 707
941 208
176 982
430 943
287 994
179 749
571 191
496 807
500 823
570 38
230 232
289 666
845 901
121 559
655 644
197 898
438 404
635 718
674 414
430 760
732 392
898 598
205 8
542 153
599 984
163 620
829 851
665 754
781 976
153 368
843 262
661 358
494 137
26 915
815 657
947 521
124 158
470 118
591 650
501 548
881 660
527 434
913 506
333 535
372 963
748 954
325 647
232 961
791 622
792 568
406 712
498 415
504 726
85 7
86 288
668 622
914 119
473 221
175 469
812 858
486 629
213 163
87 846
364 81
883 963
54 526
944 845
688 807
981 174
913 70
368 227
320 70
946 134
841 420
344 844
199 694
828 166
102 391
31 905
219 761
537 524
420 432
187 391
568 814
615 895
525 83
448 937
267 303
710 81
935 884
148 538
299 924
352 437
173 57
448 984
396 280
222 542
188 922
157 581
875 816
289 565
914 876
205 377
97 336
617 649
716 843
291 272
664 982
257 384
224 861
86 567
31 338
362 679
594 930
111 992
756 491
722 199
696 598
417 75
381 378
823 839
863 938
940 161
689 359
319 36
195 490
432 904
622 327
659 443
849 570
781 720
320 681
588 129
820 878
92 446
553 877
882 227
185 433
369 444
850 581
997 306
501 493
894 906
18 371
797 208
14 879
21 988
990 724
493 932
706 55
321 83
424 324
787 795
551 274
147 696
311 892
630 265
833 41
706 473
882 792
799 788
175 14
708 317
274 333
60 222
23 458
170 650
887 267
355 394
283 441
321 750
321 884
72 692
456 595
252 254
390 986
853 376
502 350
268 386
435 403
678 381
821 51
495 515
813 666
481 81
870 981
447 876
948 723
398 692
365 831
166 688
559 443
770 491
141 366
144 414
438 784
535 162
146 799
499 482
158 755
72 880
148 429
846 316
940 833
512 600
183 245
673 587
271 598
201 398
56 944
216 876
682 698
935 348
772 975
959 443
834 291
164 927
110 183
772 606
66 425
229 811
214 209
137 622
911 218
346 888
554 293
577 212
248 966
890 693
764 406
749 198
640 262
697 475
274 124
661 624
369 186
490 926
769 983
330 807
888 773
425 9
613 760
304 854
963 521
714 897
106 704
154 400
915 362
518 581
192 955
230 935
875 414
105 930
222 17
187 624
904 840
796 814
374 454
981 358
583 246
362 502
218 882
165 937
780 378
736 518
532 967
537 603
365 658
991 738
478 435
727 856
322 839
70 233
733 423
116 351
5 850
762 329
429 6
7 812
766 305
235 934
36 184
679 918
3 433
447 614
620 942
642 912
145 992
315 464
598 925
413 931
159 195
1 33
530 952
31 389
85 115
37 820
7 156
300 426
945 859
676 733
220 753
68 813
642 550
769 454
812 412
261 162
890 844
742 805
603 33
143 130
234 632
591 512
262 788
323 262
74 896
420 660
238 247
864 546
973 320
501 464
975 790
725 751
872 109
856 626
646 313
194 408
14 183
826 725
862 437
709 844
526 786
748 998
269 347
477 664
957 174
47 154
36 22
503 420
274 537
75 229
579 533
156 866
530 83
93 473
211 101
316 120
932 840
2 267
856 204
102 275
331 554
615 858
468 385
112 475
19 889
742 347
616 859
355 917
306 503
414 565
130 137
538 58
871 146
515 262
565 42
684 375
6 911
387 923
923 765
708 381
230 233
850 26
716 951
419 411
486 104
887 244
872 653
651 726
475 912
404 412
552 502
342 352
458 869
518 167
811 171
794 919
725 929
500 87
34 768
954 721
649 293
665 935
209 366
321 340
748 661
73 740
169 904
702 290
173 944
7 580
485 602
829 677
187 96
155 346
375 474
416 942
866 426
459 960
740 343
912 718
434 318
971 109
990 795
687 793
913 180
214 667
112 59
855 907
62 255
355 401
856 394
953 379
515 793
572 350
414 727
334 569
923 236
562 356
320 71
340 394
213 900
107 129
514 451
200 863
37 342
698 563
799 486
981 399
303 759
708 264
184 869
719 319
615 894
671 696
658 565
419 123
240 524
922 78
942 133
12 250
970 882
955 10
993 179
131 732
372 168
512 637
286 376
513 468
326 617
77 429
701 595
484 433
592 379
486 355
552 765
992 484
266 95
693 596
159 296
695 234
988 912
901 615
480 679
816 1
287 628
592 728
299 42
318 282
243 107
984 245
234 525
474 60
955 551
984 927
726 486
536 621
472 533
337 669
564 372
693 8
438 738
717 178
939 248
902 780
669 15
137 134
66 100
147 755
87 414
345 43
94 430
139 925
527 6
195 174
253 491
312 779
701 271
776 939
579 975
347 25
251 270
416 825
491 287
143 702
536 538
499 824
355 316
211 526
112 39
844 360
277 729
334 301
515 885
313 897
5 603
258 143
968 507
283 297
849 828
494 947
79 963
575 974
590 14
527 619
549 239
509 418
688 139
737 903
511 276
884 722
854 622
957 666
962 231
743 169
983 670
348 919
700 252
404 929
331 835
903 313
136 883
656 122
490 160
681 729
598 886
33 634
898 330
831 568
615 658
101 347
780 874
582 410
738 101
381 59
236 866
257 483
133 592
104 704
289 818
772 825
572 635
112 254
967 420
580 768
567 304
276 159
209 148
47 732
843 597
402 789
794 975
511 149
319 936
211 819
697 248
792 292
99 306
281 801
731 297
165 387
664 69
928 147
655 32
87 418
473 122
769 933
511 662
791 544
792 450
132 99
716 97
94 277
701 275
792 625
813 825
423 557
407 168
462 634
142 175
113 269
62 454
246 99
286 986
144 831
792 783
134 962
486 653
1 715
410 148
956 933
743 495
906 618
999 833
295 894
117 223
600 246
804 448
509 326
736 502
364 463
511 264
426 906
634 285
871 24
413 640
733 471
55 207
404 837
46 502
876 449
348 234
206 248
218 172
551 764
242 692
3 622
759 889
348 264
371 985
465 108
489 358
881 932
784 120
315 558
561 778
873 8
362 527
453 852
372 92
344 575
134 177
404 902
820 944
626 87
643 921
332 250
226 597
152 368
681 640
692 362
485 468
531 812
734 997
864 547
413 264
423 993
543 319
167 281
687 550
1000 306
998 877
344 310
159 949
118 625
403 323
847 812
773 73
756 791
705 771
527 126
195 993
783 224
271 310
75 23
937 176
526 949
288 108
654 119
696 169
326 420
109 812
862 250
739 886
41 687
457 292
994 5
995 804
389 839
454 395
516 146
905 669
448 208
529 25
362 378
571 610
679 855
458 337
197 76
469 695
509 362
770 180
989 32
187 490
901 209
654 546
801 958
624 327
589 715
239 438
562 133
926 674
966 675
786 54
609 102
646 557
404 146
923 764
729 829
931 217
793 24
723 347
985 768
751 297
552 657
384 35
42 579
684 406
703 650
48 496
525 578
984 796
886 847
545 901
116 999
834 598
356 663
176 276
837 577
877 532
823 658
185 42
21 660
538 622
584 480
87 151
548 667
453 985
305 495
977 215
964 491
582 942
803 559
368 714
679 209
521 243
960 573
578 484
834 26
503 357
624 618
911 898
74 647
38 792
455 6
863 389
757 642
96 903
207 609
78 795
389 916
709 815
288 233
695 920
679 311
226 957
833 67
156 976
659 525
587 92
697 748
93 395
221 758
517 313
616 508
834 431
448 30
156 839
325 840
930 890
199 803
883 882
165 927
807 544
666 660
44 736
689 541
27 978
446 904
767 300
70 20
880 128
331 632
449 550
244 815
425 755
601 362
8 953
586 510
236 699
455 987
150 15
351 666
120 868
46 76
818 221
396 395
73 18
813 342
541 999
605 212
794 613
336 603
153 59
542 575
905 996
663 153
988 115
264 434
2 848
496 837
461 973
599 555
836 504
324 91
880 731
275 633
558 308
587 818
573 394
17 867
125 130
584 397
694 982
661 279
114 228
556 979
464 507
548 703
643 977
919 868
702 332
171 132
579 3
337 668
678 725
616 28
998 858
251 35
511 765
256 565
901 75
759 395
490 952
915 483
535 538
203 21
494 628
811 338
807 742
151 130
389 537
19 793
838 312
18 821
40 773
147 555
900 427
562 694
501 122
526 485
892 637
719 508
611 223
10 884
463 178
672 329
656 745
676 257
969 281
507 694
495 525
39 815
903 538
596 216
857 748
805 884
936 253
810 730
233 354
755 259
654 619
275 838
348 912
594 920
650 902
175 573
179 694
555 783
63 183
485 531
149 978
125 467
751 387
699 44
242 657
300 49
106 480
362 886
958 698
650 331
437 336
465 7
729 998
192 338
650 586
722 169
980 785
820 558
803 312
833 685
545 337
375 802
299 339
17 984
660 6
627 461
631 493
99 676
760 746
925 102
631 285
87 351
329 943
713 243
591 735
81 354
800 752
416 9
476 953
293 349
995 335
47 401
209 454
781 760
886 959
237 3
631 160
282 529
583 829
179 395
252 723
221 540
222 495
776 87
207 601
463 963
193 251
857 12
610 408
622 780
903 971
304 807
213 857
144 816
541 619
464 833
982 519
116 123
549 928
808 230
921 521
705 354
120 702
356 966
710 253
127 5
666 383
885 105
961 905
11 654
784 910
639 190
260 659
390 742
758 907
814 905
12 131
841 45
812 930
349 350
746 978
790 86
460 750
93 857
281 343
945 968
286 192
551 588
58 35
647 830
738 641
387 863
972 630
370 160
953 864
209 102
45 504
985 965
336 651
608 364
57 474
132 524
996 195
105 294
582 816
252 51
937 763
260 360
947 558
203 878
498 862
395 258
963 824
584 675
53 288
626 34
169 803
860 214
926 208
119 35
891 74
399 458
765 153
824 1
457 375
921 937
134 754
686 421
524 256
787 228
368 28
666 927
212 357
340 255
201 716
365 449
791 805
534 308
943 94
909 410
694 112
17 34
873 69
334 547
407 941
966 228
960 431
476 368
993 346
101 939
749 357
139 608
717 17
627 825
16 501
548 427
348 826
689 978
128 54
664 688
318 849
123 831
944 383
388 1000
896 498
577 967
375 678
102 986
819 958
381 113
861 263
935 512
297 936
966 578
56 621
722 222
844 526
340 889
641 163
132 593
452 471
668 675
393 985
744 457
382 778
727 128
864 994
901 291
540 532
578 707
337 695
356 149
319 995
160 872
366 330
424 589
851 826
755 189
564 257
126 918
622 123
454 921
327 421
310 669
223 212
264 101
281 905
303 204
216 350
159 936
952 210
242 462
133 269
931 905
767 852
273 122
700 551
166 207
297 12
117 659
541 305
511 911
888 942
890 4
840 817
491 83
256 918
901 423
170 548
157 304
250 278
303 768
828 161
465 607
240 723
503 857
73 128
491 881
257 985
67 959
351 645
407 663
79 15
580 573
619 10
509 254
145 541
478 683
172 498
45 124
942 250
139 251
549 444
723 393
755 500
106 397
859 729
478 965
634 935
637 452
216 928
582 463
665 433
171 328
447 495
212 230
604 162
437 5
590 117
833 704
100 449
428 654
251 855
471 525
896 26
370 123
480 903
63 44
393 48
893 269
113 987
385 692
243 616
124 189
521 157
407 416
194 431
178 616
184 526
894 792
311 772
955 884
649 33
317 403
393 355
894 875
787 175
666 932
242 498
333 905
696 243
787 796
274 313
592 324
836 194
620 370
472 450
994 91
278 256
830 813
279 57
653 844
981 335
706 758
788 731
670 837
361 607
123 552
514 421
550 974
370 791
60 63
979 211
545 685
178 398
182 462
455 958
918 434
781 617
173 137
356 409
303 634
987 733
344 585
988 306
900 1000
760 337
910 119
427 514
731 37
965 14
223 813
552 445
186 231
542 536
703 535
788 685
324 41
343 287
570 321
718 377
245 553
414 477
396 541
518 133
606 530
662 256
647 212
426 488
814 703
723 742
938 313
768 787
94 957
979 621
730 685
94 844
20 55
759 554
66 309
398 364
717 114
478 964
564 475
640 518
246 677
156 341
228 495
891 602
130 166
575 691
274 232
556 726
136 320
560 183
469 123
640 281
860 892
312 954
721 418
886 996
333 988
891 30
752 504
255 671
293 446
342 798
130 649
227 438
658 36
751 785
61 35
668 77
212 464
526 87
97 553
914 205
240 906
611 109
74 1
683 665
705 353
101 808
127 199
66 701
857 862
589 963
771 10
102 322
158 560
583 273
568 269
36 84
97 66
922 21
448 916
432 297
286 404
163 427
291 126
405 490
763 866
822 661
418 871
417 108
520 759
922 311
817 43
563 571
968 425
953 603
182 103
534 392
629 774
506 783
606 526
595 891
651 61
980 711
765 183
394 331
348 441
390 963
506 993
872 350
548 530
234 522
55 546
498 125
924 609
156 411
871 700
411 484
548 609
346 57
493 239
501 731
655 864
185 494
901 280
36 991
433 996
358 819
795 620
240 490
223 243
425 328
208 840
200 828
151 999
583 402
445 6
798 538
527 120
195 995
804 979
623 483
585 863
226 919
429 530
467 419
639 537
827 643
852 822
579 534
139 645
378 957
730 406
507 531
862 139
834 504
948 624
643 130
681 91
224 410
973 995
724 479
908 806
939 940
158 441
227 622
828 22
608 751
330 365
738 382
41 982
775 679
641 647
144 473
36 223
258 369
76 883
839 615
186 159
663 643
991 886
704 336
281 129
626 673
699 87
846 490
833 985
225 492
31 378
788 295
976 975
498 447
816 24
889 566
581 808
654 924
777 899
794 611
814 614
603 401
417 28
788 5
574 562
7 931
263 565
416 340
521 45
989 821
313 204
427 308
764 251
824 192
878 119
551 183
828 366
475 544
815 514
73 493
267 451
19 143
773 26
458 459
428 809
527 47
972 174
757 640
186 791
657 898
625 22
237 328
57 546
23 333
812 854
321 917
840 931
344 50
472 487
143 724
771 279
114 612
633 748
830 822
961 165
249 251
175 231
397 105
97 895
37 194
130 292
269 273
31 996
602 544
986 643
952 527
539 504
278 71
785 755
212 207
840 528
767 447
884 761
831 978
188 176
649 674
944 574
232 864
965 920
526 106
673 644
663 449
315 63
944 653
802 468
486 4
269 738
520 544
675 114
137 924
876 523
89 847
145 941
257 107
167 552
650 706
48 176
121 606
174 464
340 952
491 725
766 90
82 403
581 891
105 50
784 403
128 151
402 522
85 862
556 175
815 994
907 479
301 964
394 85
290 439
589 305
594 849
941 491
177 591
826 340
63 47
138 882
376 729
358 921
109 285
826 455
204 503
977 817
742 627
795 899
536 208
911 115
682 169
259 760
702 172
39 741
173 691
156 785
146 237
310 159
616 331
209 779
576 457
531 290
572 398
856 105
451 847
643 257
245 67
675 636
889 362
608 585
572 236
518 782
723 872
170 936
743 341
266 683
583 300
913 832
533 759
491 860
74 204
757 73
406 135
373 336
121 175
420 295
640 470
973 769
157 692
823 227
25 939
442 74
980 462
283 918
603 541
500 579
223 804
225 443
768 439
671 76
619 279
512 715
793 214
983 118
135 387
160 725
233 993
34 242
163 970
682 678
612 679
64 773
777 974
569 744
141 959
471 408
289 618
205 204
472 581
129 968
298 961
225 871
781 788
102 559
903 575
761 946
43 927
355 897
691 987
198 569
695 655
683 49
699 712
553 791
557 682
192 610
66 71
109 35
761 159
630 591
862 433
248 825
69 693
330 803
294 974
939 391
958 417
874 804
303 116
913 224
877 175
506 668
443 625
374 427
165 714
434 84
52 731
292 330
171 773
526 455
970 949
488 698
23 252
683 664
23 91
726 542
840 729
645 620
685 431
751 973
107 475
71 572
700 44
987 743
822 763
749 953
272 195
97 434
371 271
997 591
214 875
987 425
434 619
988 134
22 354
147 86
504 283
844 784
875 764
968 426
36 326
39 412
774 408
831 601
462 404
582 485
323 974
876 738
899 758
135 887
802 160
457 645
333 42
760 810
101 94
546 189
169 881
536 507
275 401
242 996
501 809
542 49
403 53
741 159
618 746
177 992
522 892
510 892
965 15
81 332
394 611
161 340
492 258
497 412
647 524
229 557
964 656
713 631
912 742
804 988
821 858
435 19
181 571
956 759
955 899
395 641
754 478
536 597
596 461
423 675
247 959
598 25
735 922
57 743
731 974
923 4
620 458
269 906
583 837
207 194
407 796
657 481
469 707
405 299
500 239
616 816
935 847
480 83
28 757
729 608
508 545
733 56
641 349
738 494
166 847
975 495
300 213
763 769
984 594
72 140
128 878
845 559
662 239
258 737
85 906
385 159
457 583
940 916
281 305
585 323
695 130
989 481
77 231
944 46
229 60
447 501
209 713
129 790
612 755
46 734
615 504
360 52
967 659
540 980
972 747
32 206
844 264
264 698
341 948
751 121
608 505
8 703
831 49
262 756
657 726
820 774
177 780
768 361
643 775
511 629
555 51
646 142
886 515
29 136
268 960
341 150
894 455
101 171
40 639
898 919
482 460
264 103
462 846
928 222
895 672
824 31
697 279
223 103
555 615
299 543
728 443
925 767
854 207
870 443
825 443
274 467
62 306
623 631
293 198
114 613
614 874
61 106
245 253
815 65
212 490
657 163
805 123
188 83
502 218
196 550
396 160
565 642
168 31
357 757
749 949
430 131
892 826
951 295
221 6
640 913
988 783
534 228
357 983
858 844
931 920
382 122
648 444
763 813
15 934
141 551
332 746
471 145
328 897
962 704
341 645
823 813
717 362
664 842
112 250
656 625
336 267
392 525
671 137
285 478
270 562
312 356
60 962
223 630
767 701
426 276
891 456
914 419
211 938
879 91
916 471
699 961
114 227
936 119
629 640
414 924
347 427
715 116
313 239
66 497
127 23
485 489
323 450
307 969
809 527
303 381
752 591
694 614
302 998
132 139
83 991
680 919
415 996
109 207
458 345
131 309
756 842
927 589
282 939
815 263
339 566
929 640
783 293
114 37
290 858
40 889
169 27
903 992
192 852
959 548
763 175
517 282
652 293
363 106
24 828
313 901
408 667
444 233
691 88
140 242
272 58
970 33
644 802
511 261
306 345
700 9
168 138
408 441
649 733
488 743
552 16
187 23
742 359
876 473
235 483
163 30
625 863
37 569
301 455
775 895
119 833
429 18
943 709
597 397
327 884
423 788
92 31
628 505
702 832
49 244
262 658
571 107
82 372
195 175
324 457
807 396
348 471
8 906
941 326
64 774
803 317
935 982
881 525
973 117
850 768
798 96
711 705
358 118
366 38
262 813
161 478
403 280
259 569
982 415
960 858
975 825
7 635
378 483
52 96
753 309
806 313
578 440
66 68
769 953
687 767
544 359
393 413
714 571
678 982
577 225
354 186
283 122
531 208
22 965
408 985
407 21
429 957
748 157
188 420
563 208
896 941
325 781
587 246
36 880
130 493
791 992
960 36
357 700
799 533
947 865
455 527
226 309
309 938
148 616
738 611
847 430
889 220
139 295
914 655
629 226
968 348
896 489
568 886
519 713
187 160
283 885
366 902
348 149
497 629
24 323
461 914
580 344
380 806
276 390
494 565
613 272
964 78
983 226
733 919
918 523
135 375
183 287
694 994
200 354
111 148
242 997
212 829
765 407
930 204
313 182
21 749
225 898
858 154
204 21
403 421
556 805
271 653
501 586
599 129
527 420
195 711
158 473
130 794
94 475
702 154
100 840
941 878
584 565
659 69
678 867
931 329
817 945
912 743
364 190
710 617
148 968
455 316
98 91
134 787
874 680
691 498
505 75
433 422
108 96
71 364
862 137
899 129
220 765
382 786
311 306
698 764
477 87
486 56
297 465
904 583
241 493
806 292
36 74
699 282
663 447
615 934
214 773
537 340
405 12
742 303
559 751
680 332
277 66
738 820
923 752
818 486
33 550
957 416
414 485
275 609
920 362
314 57
889 587
513 237
500 723
145 381
855 475
52 484
270 599
988 824
440 382
594 419
578 572
266 390
416 487
719 447
716 658
717 423
848 282
977 186
993 719
47 656
546 49
656 913
159 742
864 596
665 613
426 83
513 681
181 971
167 168
226 740
192 572
156 159
805 135
81 488
631 244
632 718
407 816
289 427
843 972
424 366
616 194
320 271
741 793
191 516
880 237
412 471
820 468
550 213
809 861
758 360
688 846
874 893
361 838
976 432
331 286
753 446
580 943
85 395
371 466
247 898
700 256
370 927
791 955
279 135
246 222
677 48
774 906
580 845
357 756
405 351
212 201
140 94
303 754
272 110
516 257
115 574
991 545
897 657
267 293
236 710
699 407
352 58
355 909
930 356
14 780
590 815
663 673
296 529
261 545
906 854
493 64
107 593
626 707
759 314
704 557
300 472
859 843
113 621
470 462
298 713
426 386
671 136
690 838
367 193
296 937
906 27
674 47
287 65
825 26
642 672
440 120
257 150
462 905
462 824
191 346
639 876
89 128
142 954
949 298
19 173
576 80
749 799
96 968
795 988
737 105
10 690
653 227
756 179
622 901
843 817
446 767
104 466
322 441
565 363
588 956
181 626
61 28
604 258
126 738
827 717
700 693
421 436
835 890
999 489
658 225
919 10
207 276
926 802
53 842
329 823
667 194
960 72
10 707
947 370
880 831
277 311
779 669
174 161
953 866
71 747
403 698
685 363
745 512
709 101
486 38
435 804
223 913
595 2
984 968
873 356
232 636
28 941
548 180
349 743
888 103
671 78
631 39
704 521
285 546
392 603
466 980
655 762
965 446
572 624
114 539
689 308
29 779
214 265
589 211
312 257
561 882
34 978
864 941
367 842
594 84
479 780
320 651
872 488
48 666
376 759
195 349
712 369
196 793
993 568
369 82
281 285
375 92
707 807
927 677
588 371
386 884
644 429
293 345
845 284
77 754
466 995
981 812
393 307
657 558
51 299
344 351
485 69
308 442
146 45
737 555
994 681
276 728
766 174
782 166
848 814
205 427
908 584
928 118
790 620
867 107
795 198
670 650
361 798
523 202
736 830
74 12
828 245
267 840
841 469
50 21
500 518
18 567
978 909
288 721
805 788
532 956
663 410
575 894
323 517
625 745
154 809
102 163
665 163
352 226
996 651
279 627
672 789
435 945
901 920
371 47
106 448
914 961
935 745
441 157
759 997
499 147
7 154
689 455
484 197
176 158
819 836
34 20
200 276
376 273
223 589
722 137
374 364
154 749
375 877
121 886
621 917
656 551
860 287
254 570
493 290
989 701
635 537
983 451
584 344
547 684
397 557
324 595
273 743
950 699
94 585
241 171
5 56
119 142
68 600
843 850
971 281
184 53
846 864
123 56
824 5
81 474
169 176
385 915
503 219
601 853
341 466
640 663
334 773
585 713
655 289
161 549
201 752
430 157
386 834
4 149
191 705
819 40
541 671
236 430
644 965
203 319
4 292
478 375
904 874
116 357
987 971
490 289
93 324
956 70
46 202
853 314
286 725
960 176
541 877
563 973
966 506
847 397
202 289
287 166
154 426
913 671
474 639
793 961
443 200
84 800
447 640
785 613
823 37
168 609
116 95
172 409
798 509
379 679
305 312
695 111
382 318
96 131
884 164
868 609
483 709
375 595
121 560
216 968
361 225
653 198
201 441
19 77
885 574
209 53
531 512
463 353
989 528
595 905
634 865
121 786
910 612
358 609
217 595
489 726
717 422
668 558
546 78
485 354
214 160
128 347
402 854
204 462
945 197
200 637
238 149
204 93
835 325
928 353
735 292
384 531
285 941
415 770
416 932
894 883
806 209
368 429
430 928
557 769
972 108
943 280
697 646
403 527
631 21
49 983
736 887
338 559
800 248
965 722
342 627
169 479
406 412
161 803
92 753
992 975
499 753
874 431
523 657
362 347
292 98
466 429
813 337
852 636
693 779
89 835
720 871
718 502
921 144
211 368
913 532
509 107
205 370
887 496
67 337
749 20
440 200
257 409
650 654
224 707
613 343
81 206
792 95
102 804
180 694
452 435
792 48
849 193
423 114
371 773
466 531
394 64
822 156
695 390
204 355
704 891
137 430
765 350
414 898
18 475
695 567
509 512
504 593
96 747
351 365
423 848
914 161
246 605
941 915
268 791
316 18
330 552
795 558
691 625
138 595
322 148
584 767
192 648
621 417
568 83
513 273
97 525
938 973
99 237
170 339
282 937
209 767
763 48
964 889
342 957
882 734
867 78
232 352
140 398
490 583
2 427
882 461
458 57
131 213
278 260
210 582
464 858
835 893
948 448
736 642
952 959
252 981
166 457
993 556
64 15
391 428
283 303
128 43
518 242
993 390
98 354
645 558
64 446
482 901
672 701
231 2
303 657
809 372
576 25
634 259
227 939
283 589
549 378
864 260
206 375
46 476
598 793
529 774
510 169
917 375
205 645
900 891
747 334
140 816
589 543
681 620
385 191
314 15
225 440
63 904
465 489
896 950
712 950
186 453
162 198
693 434
316 870
533 25
717 268
292 681
59 686
722 162
300 332
366 181
812 439
315 905
891 470