903 2854
568 104
72 205
71 111
721 773
112 297
650 748
888 111
834 778
618 846
74 253
293 2
518 496
349 528
8 804
303 549
162 648
515 757
315 106
90 555
638 793
786 766
47 684
188 587
67 855
546 597
339 465
215 354
478 456
536 24
685 435
903 203
563 308
31 412
366 869
292 584
683 40
80 584
170 787
281 505
11 797
315 342
9 597
668 307
464 838
638 335
329 693
63 598
445 247
855 1
765 210
405 702
117 687
194 562
871 844
603 658
729 851
399 810
253 62
348 271
202 78
591 730
761 47
320 521
872 102
253 699
893 570
837 733
527 359
145 5
550 553
368 880
735 615
166 413
461 686
267 693
543 399
266 428
89 237
641 147
702 548
60 296
637 891
104 430
692 620
775 551
65 5
105 772
370 641
63 829
766 878
712 668
626 36
476 899
537 327
383 780
403 271
247 603
804 171
476 818
19 658
739 729
295 544
242 428
730 828
160 391
16 833
204 890
596 15
587 834
256 793
162 139
493 147
887 322
781 337
158 689
160 176
198 237
753 794
752 293
121 231
539 636
61 752
724 727
468 758
303 866
678 865
256 141
221 437
791 578
617 254
565 838
277 825
515 194
46 51
374 716
303 21
236 741
376 257
59 164
296 786
794 49
559 371
56 836
362 689
689 747
616 533
694 352
433 866
197 879
773 631
425 665
48 294
711 661
198 872
861 659
36 261
679 262
43 661
646 703
481 804
559 395
578 897
234 375
572 691
97 98
392 621
615 367
284 523
375 49
507 249
648 883
333 466
62 340
535 609
592 520
296 429
663 671
25 31
67 372
512 76
362 824
753 630
116 274
423 182
742 15
870 464
892 37
160 854
603 186
52 172
162 499
842 164
682 368
317 256
320 209
265 445
200 710
420 353
367 175
602 787
189 326
755 667
129 900
22 211
393 580
214 764
529 592
290 196
399 602
493 88
522 625
267 297
140 57
656 802
209 785
11 710
150 230
63 277
469 78
306 480
436 185
720 4
539 143
61 788
246 272
710 79
360 62
16 320
470 167
36 899
571 197
368 537
241 365
9 359
377 797
174 17
508 875
770 703
863 16
774 800
261 590
13 883
101 227
18 415
205 534
810 648
580 51
784 670
527 894
652 368
749 314
370 781
695 258
220 117
348 34
758 8
319 757
452 587
107 717
56 862
627 431
104 597
284 310
122 329
711 196
735 194
58 106
757 113
760 459
150 586
579 27
504 596
598 643
858 533
502 538
71 186
136 878
202 167
128 811
313 339
538 675
189 169
541 438
265 464
175 48
177 54
16 55
136 550
826 531
759 580
45 119
264 429
569 243
790 594
522 667
428 16
727 128
802 462
821 466
219 189
368 614
572 767
673 539
98 713
658 60
836 623
236 114
715 602
131 230
791 257
579 145
27 636
11 230
75 773
738 392
293 509
767 472
859 478
516 354
102 425
407 61
232 109
620 635
604 18
164 68
629 392
633 538
575 854
212 403
589 322
345 712
769 545
274 330
807 628
645 804
560 528
831 488
635 763
571 717
772 279
131 425
422 727
615 700
126 774
343 260
362 584
721 700
97 378
353 45
689 94
447 879
835 606
532 446
324 524
758 330
617 853
546 871
785 379
659 755
35 246
71 161
129 365
681 328
829 618
577 36
189 267
559 252
47 148
870 377
142 602
798 703
303 263
805 28
862 71
45 663
193 428
599 716
798 900
643 408
806 68
663 112
758 822
199 129
819 686
567 387
521 651
166 374
60 237
815 901
121 855
811 188
483 501
67 872
835 447
837 463
195 540
234 148
532 818
870 277
500 887
817 147
619 196
160 815
657 654
473 710
592 311
593 514
851 80
334 257
889 206
651 731
68 469
746 411
405 404
582 414
588 374
471 600
686 69
445 883
34 322
200 329
771 498
114 179
481 783
726 95
503 338
492 628
40 23
560 438
112 333
558 627
567 96
783 643
827 479
367 14
25 278
818 672
745 496
409 603
343 780
731 770
788 548
787 532
78 369
319 73
507 505
492 56
348 853
197 719
6 397
45 222
266 157
285 517
822 629
514 314
206 580
579 324
126 209
329 811
129 828
147 589
424 70
407 562
179 361
839 719
612 879
522 140
135 196
108 574
594 664
71 92
128 830
636 312
831 235
211 92
85 405
655 674
547 109
124 125
605 372
881 286
700 40
793 890
740 87
872 658
889 532
66 34
29 174
423 480
506 230
821 178
737 610
251 444
433 894
322 692
821 360
163 63
185 603
866 396
332 875
443 287
372 239
134 762
798 557
838 622
320 686
199 623
2 786
829 361
888 249
265 55
450 109
251 305
219 574
736 388
631 171
758 416
409 74
527 791
136 574
441 342
534 186
366 154
724 713
675 496
144 376
589 245
899 622
662 222
578 582
407 351
619 351
90 156
365 305
831 578
444 269
465 461
331 382
814 50
463 870
47 10
819 847
4 875
293 379
441 712
706 890
815 437
14 191
290 498
806 171
96 24
60 457
152 900
519 252
249 59
447 184
621 541
677 795
880 243
644 161
595 360
423 131
171 170
279 664
159 334
628 93
337 12
32 387
527 720
733 59
272 753
583 788
792 882
647 442
886 22
154 765
449 763
747 726
825 315
185 33
611 720
553 782
483 260
233 154
474 859
39 678
636 80
260 750
154 546
671 27
486 471
87 698
454 534
257 299
317 67
573 741
632 159
407 766
856 584
892 158
503 554
233 527
364 236
202 889
539 589
26 680
336 443
634 254
317 802
253 676
803 753
218 492
220 24
834 178
14 621
210 808
581 311
486 462
680 24
37 74
882 537
561 267
119 552
389 589
127 247
130 303
722 363
878 347
711 320
587 382
644 271
886 814
764 171
65 72
191 77
564 489
91 354
310 629
181 724
534 238
582 154
253 709
822 725
840 770
236 610
113 712
22 888
243 381
353 858
227 682
377 742
490 605
214 334
287 396
440 578
718 277
298 310
689 622
428 35
871 777
88 339
289 675
522 264
223 878
456 107
264 820
872 41
302 844
817 664
140 484
268 689
550 748
882 437
419 433
278 382
483 94
100 732
657 604
801 535
34 72
328 160
640 555
29 709
338 902
517 850
477 604
756 652
831 519
461 280
245 386
219 366
637 159
69 626
642 864
537 539
183 256
885 43
387 688
874 316
269 652
756 501
521 149
813 900
814 525
467 645
15 829
351 85
204 617
25 73
706 108
891 673
235 69
15 212
258 705
371 687
817 759
87 187
878 162
515 507
525 67
303 629
287 144
237 560
663 469
670 377
285 898
71 654
168 98
497 796
742 449
779 329
428 121
531 25
837 558
5 599
452 460
1 201
321 413
502 3
466 670
783 663
55 4
811 28
226 532
44 499
890 168
622 317
383 149
846 566
778 229
176 351
570 3
47 713
781 606
321 669
730 134
119 764
84 511
200 126
806 66
537 750
420 470
538 337
667 687
6 667
154 166
806 737
449 500
2 483
554 305
112 484
80 765
172 147
765 12
747 513
769 487
764 657
628 335
9 314
84 407
93 375
481 677
725 394
245 313
512 62
196 832
145 804
185 791
611 495
777 763
523 805
158 617
488 373
443 321
136 294
288 481
257 534
615 552
49 769
764 264
255 856
493 798
41 888
806 696
265 864
252 587
608 121
846 39
521 297
397 41
384 445
833 821
335 301
234 13
532 286
20 61
780 428
793 507
283 655
625 79
532 397
330 805
458 382
404 150
631 490
82 472
71 273
26 668
36 44
643 92
403 397
633 565
351 725
77 415
343 112
717 665
777 244
685 890
631 887
872 895
407 564
462 307
731 773
59 534
885 307
673 790
15 323
567 225
110 71
521 823
869 442
778 564
232 807
748 778
80 447
768 189
592 294
743 513
228 119
380 328
476 500
332 798
561 731
799 223
595 26
133 295
523 611
532 102
660 19
846 820
480 221
725 430
151 622
819 284
401 445
336 321
433 202
807 706
855 865
57 361
202 834
628 371
687 386
892 663
469 578
677 109
843 381
518 185
431 528
189 367
277 821
244 696
850 47
98 840
501 279
178 721
56 138
344 899
452 44
516 792
261 828
868 20
198 232
399 674
369 707
883 58
331 457
480 615
335 257
580 429
218 851
417 835
450 780
252 845
254 100
55 568
12 845
73 310
183 866
631 53
705 486
669 173
541 664
822 607
855 310
329 844
222 834
811 100
881 844
297 628
49 459
177 884
416 44
716 479
507 411
491 587
720 356
829 862
866 629
355 158
287 312
472 98
471 289
844 458
60 780
260 171
544 502
250 27
894 611
847 385
175 201
567 461
257 724
347 541
29 852
88 667
839 280
552 372
721 505
460 816
561 506
447 862
599 77
891 108
439 673
620 229
162 591
550 760
864 132
277 689
495 110
340 576
779 678
537 497
835 344
156 882
359 341
840 75
270 592
220 106
368 232
313 857
760 143
779 311
304 149
412 11
34 600
366 567
257 1
442 466
812 386
501 378
322 351
360 534
74 748
57 103
518 52
227 454
818 671
708 834
436 13
196 621
7 422
615 524
621 304
89 167
659 239
551 5
633 853
449 756
694 409
52 84
459 447
430 122
702 868
348 775
665 54
723 360
135 430
585 737
529 156
214 22
270 691
876 489
863 784
299 161
300 817
137 145
67 413
158 659
396 215
56 31
183 467
520 568
117 437
409 356
485 263
508 419
551 836
169 734
663 858
898 504
216 671
398 305
492 436
492 1
469 672
495 20
261 588
155 524
890 156
215 149
276 580
480 125
789 60
729 139
639 392
567 703
520 234
539 307
704 167
675 582
361 447
370 396
77 513
316 863
865 619
582 769
678 21
5 768
209 343
583 573
395 876
118 843
894 902
70 83
441 644
832 276
674 417
510 581
791 513
251 365
706 740
814 637
196 554
196 146
469 207
586 811
765 104
293 401
3 513
152 314
261 248
616 308
194 704
452 890
361 49
434 24
625 589
116 666
248 755
492 652
827 644
886 25
421 398
746 311
89 374
532 379
203 624
785 575
287 813
846 416
31 83
409 803
818 116
342 500
642 700
116 383
777 131
248 762
803 444
509 835
557 245
652 878
260 500
106 196
604 331
605 627
490 167
156 432
884 574
612 208
667 293
111 387
625 494
436 270
38 78
279 287
122 762
195 362
322 894
826 773
82 241
617 325
450 507
659 757
163 399
426 177
370 761
424 108
354 799
83 689
779 188
545 17
85 200
306 112
344 131
814 438
320 770
155 310
174 466
234 171
36 531
326 587
238 100
627 570
276 468
248 620
559 484
249 715
294 357
178 172
353 482
23 734
618 68
599 234
638 596
363 642
236 89
94 502
166 825
662 818
762 253
235 486
53 814
610 624
349 829
317 446
264 54
777 735
446 855
83 899
878 204
272 507
76 689
865 361
702 837
244 786
289 856
570 614
735 41
93 766
721 829
3 650
225 123
598 640
395 340
107 379
628 882
331 429
574 807
93 109
136 153
709 543
877 473
368 276
663 417
227 41
106 64
822 266
242 77
776 88
760 754
601 562
836 242
158 343
509 331
150 761
701 222
720 160
576 106
794 650
613 630
262 108
638 504
553 411
156 507
535 202
24 604
480 595
762 598
465 318
31 556
472 675
626 393
863 436
598 334
615 783
856 841
598 468
231 213
454 875
18 568
442 867
133 568
597 804
356 204
47 136
413 749
803 519
660 900
576 97
171 839
207 13
139 670
132 152
621 345
268 135
471 55
879 426
807 441
274 880
591 652
281 52
638 775
278 56
575 818
429 655
302 24
784 887
26 391
107 663
825 544
117 684
393 71
527 300
875 71
343 613
218 244
801 430
188 457
480 807
693 61
326 187
598 713
322 515
855 687
307 822
814 702
152 84
634 216
742 841
154 750
877 67
658 547
590 173
798 389
690 306
4 822
22 633
212 351
460 176
177 350
585 425
180 384
644 503
475 708
173 223
410 307
446 536
394 610
765 806
610 700
75 894
205 25
760 816
120 26
597 520
891 77
179 377
418 889
774 79
595 606
887 57
47 365
893 349
881 701
211 411
242 351
393 702
621 254
508 359
625 251
200 581
184 820
26 821
83 38
656 62
14 327
218 361
255 401
20 106
609 872
42 750
209 404
246 267
483 71
340 558
344 884
260 5
61 297
727 567
709 216
378 226
655 444
731 103
769 147
588 113
700 539
386 687
501 413
886 842
562 532
871 884
592 617
865 589
276 116
21 580
645 641
655 338
474 429
39 322
367 593
816 517
452 594
632 255
825 313
754 698
628 549
352 139
687 679
101 256
11 597
485 380
568 586
698 761
878 310
326 659
648 536
445 393
841 151
642 448
860 527
223 749
204 43
574 190
151 219
427 562
483 593
636 38
503 548
437 32
609 695
630 524
23 29
26 355
403 768
124 246
263 883
196 396
215 416
76 874
318 628
392 825
301 364
247 869
570 256
533 892
590 312
204 467
579 41
141 799
257 692
75 141
258 464
259 450
704 128
633 30
707 822
211 496
799 275
250 598
161 369
878 539
224 474
489 813
476 785
403 326
22 685
481 653
634 118
800 460
91 811
241 695
349 121
560 664
479 287
600 169
56 172
140 577
144 447
436 21
40 726
368 707
756 481
556 774
498 433
116 832
799 717
119 408
749 132
297 624
112 284
257 18
60 495
22 274
138 137
689 55
598 540
431 709
629 442
260 307
151 881
353 570
634 480
800 728
252 469
31 628
681 158
299 819
67 389
820 186
400 138
309 448
115 743
685 154
707 638
892 276
747 692
250 160
219 776
790 705
828 787
232 98
838 701
140 736
749 601
716 839
56 261
10 699
227 127
633 766
225 633
851 102
763 690
544 276
784 93
769 402
110 300
58 286
412 632
533 815
898 380
349 211
793 389
150 16
603 106
5 696
137 58
783 825
753 861
557 582
209 21
724 231
123 126
842 624
716 604
273 142
591 428
211 381
605 831
125 778
218 457
477 23
499 54
523 728
670 68
764 364
363 774
803 613
773 784
25 319
830 660
611 717
164 599
734 511
385 829
722 181
744 389
248 31
374 510
380 548
252 798
76 813
349 180
441 83
812 454
817 867
429 368
342 838
218 464
539 402
764 753
858 183
783 291
461 71
621 809
758 241
550 69
50 664
222 26
738 851
388 115
156 700
819 100
716 594
882 294
57 878
463 836
370 18
133 886
333 553
301 298
600 799
41 885
78 402
726 612
471 186
476 634
593 512
206 630
598 674
288 825
184 16
610 372
646 789
167 377
887 174
389 207
464 853
397 756
609 52
756 141
24 766
629 903
26 347
317 456
600 124
48 265
66 680
710 842
1 623
400 705
834 783
321 542
364 15
457 206
885 22
408 390
807 394
628 296
682 311
226 219
284 581
103 206
380 561
74 7
96 429
61 832
375 821
52 901
899 714
245 570
550 31
74 300
221 118
24 483
688 788
108 694
126 173
897 735
720 491
491 279
8 483
565 765
197 142
732 862
350 709
262 314
635 188
598 469
568 680
716 718
41 703
404 104
26 220
617 151
321 370
263 627
674 269
418 642
458 573
184 800
332 86
465 699
176 229
875 395
655 130
784 484
587 31
385 431
759 462
745 49
319 226
146 596
770 497
607 225
634 65
727 555
708 687
20 456
807 805
901 341
777 863
459 161
142 843
145 774
498 408
779 700
157 736
68 461
253 855
77 671
596 302
869 862
156 671
340 108
640 751
659 61
138 393
648 185
9 181
739 465
123 271
466 495
829 556
757 379
176 30
305 71
364 40
366 313
863 838
129 771
629 544
464 158
808 700
374 303
17 802
895 219
732 303
330 129
42 826
355 661
373 690
221 324
478 629
199 609
720 681
645 583
6 800
775 434
391 275
57 603
806 819
487 234
142 313
474 630
203 714
419 638
371 512
722 381
554 523
14 808
607 683
703 306
320 313
567 41
381 118
430 651
682 740
773 134
901 59
136 213
541 469
563 133
505 827
809 690
644 543
168 464
722 372
688 625
786 162
419 756
832 209
410 548
601 276
514 776
158 275
291 804
679 841
208 16
210 377
653 110
145 84
147 79
699 650
556 785
832 266
688 409
838 368
505 828
236 418
515 226
718 415
581 109
30 523
107 801
534 614
369 845
724 494
246 437
313 774
328 108
129 77
385 686
188 163
462 507
609 522
505 238
493 479
44 853
889 336
464 901
674 402
579 589
734 424
618 279
306 628
804 203
28 5
661 692
518 146
294 903
161 828
43 645
192 729
45 153
375 253
413 448
253 555
753 611
93 194
475 651
645 224
666 426
820 720
711 99
568 403
413 623
571 507
590 517
240 68
851 759
425 259
831 496
488 531
490 756
159 770
682 189
518 250
331 819
10 37
675 579
801 652
14 158
768 398
680 288
83 492
230 824
764 155
553 709
272 796
102 519
604 745
861 165
575 221
664 437
552 52
474 287
437 831
791 832
646 376
595 502
541 441
727 312
344 137
501 55
8 630
42 26
216 761
778 534
109 552
718 799
704 445
595 523
122 751
431 120
823 619
593 94
774 352
26 418
388 333
341 645
613 209
557 129
300 724
14 249
396 857
76 824
591 107
166 473
78 271
890 785
358 876
339 576
381 347
529 91
270 649
144 135
631 246
419 322
220 548
849 393
483 663
526 312
512 743
680 250
71 30
550 855
889 617
266 521
160 705
822 514
215 720
494 281
439 574
751 383
318 203
12 228
524 243
199 290
878 564
203 185
666 89
778 228
586 278
143 745
552 876
844 595
594 199
577 328
653 616
215 205
823 633
275 63
168 512
406 141
155 533
618 557
512 824
434 177
144 412
243 173
170 236
281 85
320 8
709 546
604 325
19 179
122 721
562 260
563 430
216 259
881 55
809 786
614 133
102 420
428 591
893 285
641 556
705 527
317 140
197 280
68 483
861 58
731 92
609 831
3 815
262 605
46 478
364 312
349 140
442 75
467 65
432 109
657 358
110 177
679 109
751 853
494 770
541 372
447 143
547 648
17 440
291 681
381 610
285 32
207 211
224 894
98 165
134 730
197 10
418 745
257 762
590 155
225 209
63 721
67 530
857 366
839 330
895 372
498 87
102 455
195 461
433 362
508 810
114 720
501 709
269 138
827 791
701 135
152 210
759 177
172 237
91 28
506 867
124 278
308 10
270 346
331 885
354 344
17 648
292 467
649 476
460 793
59 762
550 448
800 390
532 83
537 392
740 222
761 636
872 537
248 350
531 797
185 806
94 168
369 84
851 473
137 94
584 252
473 470
38 709
172 302
505 595
895 378
849 899
873 742
270 395
623 470
696 359
494 229
705 634
704 494
542 87
179 330
857 717
785 675
645 764
228 704
777 377
854 515
429 1
520 618
392 19
333 16
657 108
253 643
107 847
146 30
149 568
166 494
317 455
813 824
250 343
823 392
91 678
177 273
776 72
409 783
250 13
182 20
800 664
460 155
523 834
836 113
431 362
692 640
732 418
734 458
24 97
184 317
373 519
492 759
571 174
715 369
780 178
527 125
640 42
532 104
98 282
85 879
303 471
473 518
570 477
370 327
840 337
540 111
759 149
543 634
565 678
286 89
737 469
206 351
207 343
523 517
797 190
341 567
288 519
622 518
884 617
132 502
223 2
34 327
456 760
24 318
520 801
78 505
564 520
615 231
543 90
713 363
326 877
883 151
230 638
65 863
357 68
657 627
453 689
754 101
599 271
655 9
642 603
265 437
866 624
812 399
655 405
174 435
487 536
829 375
423 191
316 347
407 193
63 404
91 384
454 228
826 85
58 59
822 236
885 251
83 49
628 275
350 851
701 729
885 364
67 298
893 689
68 775
402 719
222 866
557 784
313 284
714 577
56 822
111 869
572 729
208 460
615 846
341 736
890 456
888 284
748 247
749 255
404 876
536 901
848 676
568 175
20 700
884 488
229 202
635 105
446 877
268 552
610 91
490 421
145 179
255 231
335 63
589 435
420 693
543 759
258 775
374 578
161 204
822 726
697 421
592 744
664 346
674 400
574 187
69 310
16 334
767 693
181 749
314 88
776 472
299 75
690 130
583 774
50 622
650 673
426 90
484 852
226 574
822 99
700 868
627 316
645 715
812 77
595 807
389 231
799 719
750 844
182 264
574 595
846 148
131 730
244 113
408 639
641 510
41 790
557 891
464 1
362 346
215 876
385 244
316 818
832 539
264 824
172 609
157 360
432 766
792 870
223 763
281 65
669 56
687 457
794 14
871 260
354 745
634 23
743 102
819 622
509 108
643 233
196 473
151 454
343 485
236 225
73 788
572 176
663 107
280 624
812 761
260 718
232 873
585 656
138 766
414 549
753 279
627 833
831 810
639 199
155 695
780 20
659 7
703 105
86 64
10 411
657 260
693 646
342 842
159 896
518 132
848 843
650 715
889 68
467 487
785 151
325 88
274 902
498 786
561 109
301 479
715 593
274 793
549 473
25 421
617 489
505 685
367 474
37 251
95 547
191 870
51 380
732 638
113 139
332 371
495 260
372 332
174 480
823 454
849 847
223 284
477 150
305 586
586 102
841 758
684 543
848 608
26 875
298 244
802 296
102 140
711 392
578 822
434 586
493 332
518 231
576 303
81 903
467 187
317 885
606 74
242 164
367 393
204 746
46 253
11 45
675 719
431 22
417 707
841 878
189 405
745 202
711 63
325 896
200 646
684 99
346 452
136 291
452 517
270 516
669 611
609 49
132 122
134 536
67 701
691 160
786 598
362 278
435 43
552 335
255 33
495 534
684 308
242 483
306 337
343 393
329 509
221 695
593 441
353 487
794 647
100 223
241 681
600 149
506 274
782 555
45 214
344 595
697 542
40 247
539 664
633 211
889 262
192 391
48 444
82 735
52 476
841 625
367 656
833 276
300 149
234 145
53 54
363 281
4 59
565 141
540 322
317 44
378 42
241 580
809 359
611 24
334 849
886 130
598 246
855 854
158 482
344 229
72 426
313 379
579 880
763 290
379 323
141 32
784 618
448 264
793 593
703 507
423 12
851 250
524 44
709 685
804 613
571 209
58 426
612 258
760 395
188 140
326 715
657 215
135 686
479 154
743 516
617 317
321 851
763 228
444 31
862 533
858 826
809 183
8 93
282 612
466 338
806 631
18 567
129 21
632 455
751 703
763 537
303 448
749 550
345 267
19 867
243 224
833 477
741 252
106 706
855 868
86 468
116 196
716 430
745 508
213 420
396 145
695 321
645 119
223 576
854 738
249 606
527 119
88 359
604 797
695 11
808 555
629 456
617 843
338 275
514 709
770 458
715 659
799 740
12 39
32 331
848 570
595 438
500 453
136 710
100 671
366 543
274 556
24 732
776 843
743 845
805 548
888 858
529 34
378 648
537 559
311 172
367 435
10 745
448 385
348 460
141 760
512 573
754 421
813 3
630 655
132 302
78 173
426 434
481 242
501 790
689 504
726 839
281 709
311 391
864 663
168 825
481 440
559 173
483 591
413 73
345 435
215 520
149 585
278 744
836 287
219 98
129 120
81 668
65 16
602 252
895 59
695 142
129 294
875 102
402 329
149 811
645 726
29 187
82 111
826 58
536 785
276 223
594 430
336 450
742 309
411 298
359 786
513 615
308 357
806 172
458 310
426 642
63 6
401 667
304 549
698 765
67 897
181 319
765 134
691 776
360 273
894 466
89 598
73 652
57 279
238 139
180 812
875 361
98 413
381 885
720 891
863 216
595 77
126 765
20 224
303 412
345 112
459 389
155 499
891 390
545 847
674 557
677 783
40 486
799 843
32 288
608 46
75 322
186 553
279 462
893 3
324 181
698 19
682 636
133 255
744 461
456 535
379 370
750 152
606 125
39 190
885 485
693 141
696 212
537 523
131 355
432 375
615 252
864 159
241 87
480 99
429 244
46 438
779 256
289 579
589 259
40 609
809 456
524 728
216 749
358 536
325 640
877 414
489 551
294 901
477 507
279 254
64 512
638 238
802 447
117 713
859 178
440 100
495 604
631 21
903 16
854 395
698 884
361 664
433 59
108 617
475 384
664 307
774 690
522 356
116 835
571 807
190 723
484 239
363 901
712 693
50 772
74 501
827 529
792 407
224 676
45 458
102 112
29 304
712 217
141 97
659 434
347 302
20 248
867 852
62 765
564 42
360 520
656 165
15 391
272 111
558 212
290 847
592 782
885 45
116 219
652 194
321 312
790 109
272 254
807 493
257 846
693 78
793 359
632 185
635 746
540 746
178 191
553 518
218 652
275 887
313 880
623 480
760 828
768 82
346 66
111 198
63 35
121 611
212 209
13 789
881 147
679 288
166 253
421 587
152 795
458 846
263 690
485 83
463 346
864 383
330 439
204 535
172 163
689 271
430 433
669 792
414 693
481 462
340 477
187 793
646 256
868 891
580 813
524 18
638 633
545 243
504 493
841 380
701 409
733 591
630 67
334 113
669 231
282 27
49 316
806 384
474 169
80 32
903 127
743 746
317 547
835 743
515 184
406 77
723 189
156 681
51 462
895 347
238 495
352 644
276 709
206 841
271 737
547 248
878 368
899 96
263 531
568 450
54 518
682 893
39 40
795 694
757 485
192 283
302 287
267 331
433 412
34 255
194 765
296 148
760 334
634 363
299 795
302 725
287 81
896 125
254 88
204 258
484 453
214 698
436 167
471 372
113 131
200 86
227 602
708 436
103 386
267 589
825 624
623 557
405 727
797 746
446 61
341 670
381 728
744 68
651 560
750 891
175 568
654 196
556 38
868 784
264 51
193 115
10 640
881 86
37 648
277 787
522 101
851 209
616 301
209 745
152 642
869 283
376 502
614 774
443 152
744 75
230 64
268 472
472 729
848 41
110 207
863 810
420 227
353 651
337 25