821 993
511 476
292 669
263 149
239 699
485 57
325 466
776 368
535 541
9 329
71 676
226 704
182 259
26 362
255 190
36 798
538 793
324 192
498 483
436 458
137 194
749 377
217 280
224 312
576 13
187 624
560 64
503 623
814 565
748 618
576 35
700 780
292 283
527 122
292 477
760 210
664 646
513 112
156 572
704 588
167 580
220 468
671 633
569 706
536 598
621 596
84 273
783 623
100 224
740 458
548 212
75 192
624 562
268 552
395 186
311 239
462 247
501 33
353 788
701 475
783 781
597 282
649 239
449 218
687 803
14 50
764 9
577 625
43 695
286 337
587 647
245 427
271 517
783 814
660 559
104 783
219 512
285 207
650 517
296 75
414 23
73 663
669 534
761 621
491 97
472 215
554 723
810 471
510 281
234 758
308 718
63 330
631 389
530 130
393 316
730 284
355 136
162 623
535 181
398 15
676 361
719 302
114 737
310 131
117 249
769 504
54 354
73 446
692 427
237 728
250 474
271 528
460 743
99 779
316 328
674 55
400 719
106 544
399 494
411 617
72 805
71 681
731 89
775 815
275 454
477 595
806 319
447 654
538 796
26 127
365 574
467 408
217 142
282 708
588 592
448 169
587 111
59 809
3 410
172 8
176 203
288 335
586 113
604 578
139 617
728 581
433 148
811 663
187 746
226 623
671 510
452 670
101 606
805 787
683 420
339 582
378 160
447 336
771 715
734 733
796 205
224 196
344 278
566 577
130 142
244 666
741 419
177 645
652 507
616 663
566 635
165 306
297 681
51 300
255 564
730 368
373 594
307 424
489 58
308 663
729 735
241 445
571 12
644 206
68 630
586 213
582 368
179 750
727 635
62 83
129 11
115 222
149 207
16 735
788 21
168 677
729 83
124 297
797 181
469 456
768 300
323 648
619 225
25 686
597 69
679 177
712 27
762 729
820 294
357 734
266 808
610 540
809 180
657 492
495 576
513 79
187 583
250 55
212 361
529 172
628 466
635 610
75 332
89 361
488 89
201 163
486 90
693 213
534 493
644 68
451 747
717 475
684 735
127 653
585 255
57 149
490 125
291 517
402 490
424 78
347 218
130 454
350 224
350 309
375 723
47 661
555 444
680 426
685 358
777 315
754 777
671 579
138 758
335 623
764 363
413 817
814 529
339 777
549 587
235 511
305 235
58 616
135 549
802 195
624 216
709 704
807 808
295 764
759 301
604 759
760 148
582 68
467 604
768 435
142 654
36 337
802 746
328 381
339 534
612 361
155 66
9 473
579 452
91 669
426 671
93 689
404 535
354 105
456 800
715 316
782 317
448 388
122 231
106 672
108 521
418 657
714 485
674 38
339 723
397 344
739 372
232 683
598 454
805 466
566 462
636 597
22 9
141 103
172 235
804 418
163 314
689 334
415 767
117 88
608 700
508 415
660 185
522 705
251 79
417 238
819 123
277 264
226 522
184 441
732 545
741 405
114 169
635 805
429 436
534 401
489 300
569 151
312 371
52 575
233 33
296 309
811 253
172 83
719 769
513 578
804 540
187 302
222 686
160 484
746 505
148 359
226 758
146 252
543 386
327 98
29 230
773 68
261 165
63 233
526 723
147 103
755 506
581 491
790 549
218 66
718 737
694 706
593 22
52 40
632 408
725 387
315 732
520 507
643 526
243 755
596 685
478 684
763 470
805 75
21 598
327 39
726 133
532 398
404 701
557 423
347 69
299 306
784 615
801 607
652 309
796 93
783 672
708 408
611 326
769 772
525 165
443 272
432 740
726 386
416 554
214 733
359 17
591 389
196 703
757 142
457 116
800 84
738 95
410 707
800 715
134 565
428 120
723 355
137 560
428 516
161 70
224 681
670 191
201 723
603 284
242 500
691 702
436 541
743 660
363 48
596 428
182 632
101 745
665 819
261 141
601 762
447 283
517 372
106 372
141 253
86 444
516 287
396 227
547 706
151 685
95 519
482 672
224 628
667 179
758 677
496 476
94 401
729 59
51 620
41 689
278 748
770 184
293 34
82 545
511 705
675 599
761 141
4 284
157 304
423 251
602 547
433 595
83 783
698 415
764 326
607 683
59 474
789 397
685 205
633 653
747 744
603 69
508 60
244 529
184 143
449 563
557 818
153 585
19 45
564 114
104 645
603 765
397 545
479 70
52 502
260 520
738 680
498 530
61 811
464 118
744 584
747 366
675 413
760 257
517 746
358 378
638 367
452 485
795 380
404 391
55 465
666 226
587 119
658 488
398 427
562 288
170 166
749 402
670 579
467 45
783 735
143 705
194 695
482 239
144 225
261 789
455 682
91 293
305 365
557 276
368 112
358 79
111 364
714 591
555 377
289 118
685 589
97 682
354 402
295 56
555 246
342 356
619 218
270 61
619 526
461 243
668 153
412 70
40 676
369 40
709 485
439 668
339 164
751 341
191 47
782 424
113 705
47 518
551 693
506 329
551 330
66 270
284 166
479 540
677 393
571 577
185 100
273 42
347 380
256 467
800 647
807 727
454 788
264 722
716 240
121 789
127 222
483 485
116 337
667 694
821 473
280 147
583 533
504 775
67 687
556 269
699 338
348 425
145 385
659 224
252 452
513 198
222 421
52 421
570 38
584 813
337 82
804 583
295 431
690 249
3 127
146 632
721 192
357 551
477 427
754 476
682 582
339 727
656 269
174 797
277 782
462 427
481 675
481 86
175 343
92 427
673 250
212 513
185 57
684 787
761 589
346 286
28 78
785 620
27 31
166 812
235 658
145 174
520 751
676 224
14 287
80 169
686 57
342 80
649 540
782 296
282 223
142 588
206 65
692 508
276 582
298 705
565 429
620 285
40 189
50 725
703 224
102 51
386 134
151 528
198 36
216 145
377 613
296 668
720 480
677 632
474 639
343 160
766 688
736 159
225 263
255 803
92 140
336 544
443 23
511 390
21 711
231 672
632 526
427 620
639 19
480 435
125 639
792 698
743 567
458 47
263 688
561 236
512 196
198 731
617 696
8 580
284 793
807 806
444 100
318 192
467 646
747 7
350 579
255 400
565 797
764 213
462 172
411 616
534 380
815 65
143 624
516 587
787 168
134 804
486 104
674 745
372 388
120 774
107 137
263 536
190 433
360 765
505 610
133 609
320 733
44 39
288 668
657 690
260 617
565 336
125 190
675 65
517 420
198 185
439 80
133 737
549 55
209 497
311 665
19 744
92 412
120 487
532 355
657 39
180 159
617 495
492 217
536 58
580 816
137 253
235 289
464 570
740 760
657 432
443 188
620 744
469 462
306 3
582 109
737 460
651 229
107 335
583 600
424 202
281 186
95 187
452 631
594 489
704 228
678 556
509 36
573 331
813 618
359 54
418 122
776 398
646 666
576 525
454 224
138 345
459 403
573 748
113 22
494 501
178 434
115 812
187 329
162 345
191 447
173 61
227 600
226 560
284 287
17 147
394 772
255 142
415 741
247 552
39 626
737 742
361 804
584 710
554 605
721 731
583 232
629 633
641 419
120 573
565 384
42 760
482 821
504 688
425 262
59 714
88 815
572 373
41 272
163 137
549 136
548 739
739 240
800 392
680 530
617 634
410 763
433 476
72 801
437 322
20 126
157 767
579 552
446 529
811 465
227 551
282 152
700 485
372 254
186 725
197 10
723 693
800 14
69 647
621 90
503 78
453 51
317 246
189 126
35 201
110 783
562 800
678 566
722 485
292 468
377 310
494 104
78 363
429 65
568 464
563 444
176 479
347 748
109 367
101 594
97 497
628 523
497 578
128 166
604 367
500 434
587 280
362 576
431 750
311 812
63 746
747 589
450 583
423 195
61 348
743 288
265 692
682 440
168 481
743 424
265 616
265 547
262 415
776 468
399 722
606 734
786 607
584 656
578 580
723 478
296 292
621 502
572 498
528 144
587 293
756 149
352 686
627 443
33 520
425 286
236 171
573 451
285 750
785 656
519 360
362 797
338 727
801 661
101 670
363 433
391 403
350 628
800 450
226 567
373 298
408 674
302 521
373 205
777 346
620 66
512 212
367 384
105 168
653 588
741 806
430 102
358 340
183 524
496 85
422 716
95 67
440 797
396 376
741 130
180 289
37 293
369 325
774 114
502 791
478 99
270 279
173 310
566 240
138 508
266 14
97 518
279 591
766 229
493 670
498 756
166 389
277 211
628 557
393 173
689 744
130 41
108 66
296 117
270 781
306 762
603 234
65 3
461 656
273 205
307 279
796 275
256 310
354 221
529 592
243 390
487 281
398 222
53 2
282 297
43 253
820 135
763 533
730 563
423 123
494 73
643 625
122 89
42 136
780 239
493 663
803 800
731 748
398 569
252 412
408 357
562 804
740 814
449 754
84 714
381 759
274 72
760 811
542 722
179 94
39 52
773 809
230 777
499 361
375 358
262 136
213 257
372 479
30 440
35 203
123 6
99 767
682 341
687 797
372 809
388 747
105 95
552 273
612 194
9 294
578 817